-------------------------------------------------------- a
C:\Users\Sarit\workspace\Results\RealDataSets\CHIPS_DC_AREA\a\0001_0006\etm_0001_b5.jpg
C:\Users\Sarit\workspace\Results\RealDataSets\CHIPS_DC_AREA\a\0001_0006\tm0_0006_b5_wind0.jpg
(152,47) (153,46)
(155,95) (155,95)
(89,199) (90,199)
(196,203) (196,202)
(179,159) (179,158)
(94,185) (94,184)
(114,170) (115,170)
(93,148) (93,147)
(128,124) (128,124)
(141,47) (141,47)
(151,93) (151,93)
RMSE (11 points): 0.8528028654224418
------------------------
--------------------------------------------------------- b
C:\Users\Sarit\workspace\Results\RealDataSets\CHIPS_DC_AREA\b\0002_0006\etm_0002_b5.jpg
C:\Users\Sarit\workspace\Results\RealDataSets\CHIPS_DC_AREA\b\0002_0006\tm0_0006_b5_wind1.jpg
(181,9) (181,10)
(93,132) (93,133)
(58,142) (58,143)
(177,136) (177,137)
(96,178) (97,179)
(209,49) (209,50)
(70,197) (70,198)
(43,125) (43,126)
(40,171) (40,172)
(18,97) (18,98)
RMSE (10 points): 1.0488088481701516
------------------------
--------------------------------------------------------- e
C:\Users\Sarit\workspace\Results\RealDataSets\CHIPS_DC_AREA\e\0005_0006\etm_0005_b5.jpg
C:\Users\Sarit\workspace\Results\RealDataSets\CHIPS_DC_AREA\e\0005_0006\tm0_0006_b5_wind4.jpg
(96,181) (97,180)
(148,119) (149,118)
(192,157) (192,157)
(237,68) (238,68)
(19,138) (20,138)
(160,165) (162,165)
(110,52) (111,52)
(228,172) (228,171)
(190,150) (192,150)
(69,79) (70,79)
RMSE (10 points): 1.3038404810405297
------------------------
--------------------------------------------------------- g
C:\Users\Sarit\workspace\Results\RealDataSets\CHIPS_DC_AREA\g\0007_0006\\etm_0007_b5.jpg
C:\Users\Sarit\workspace\Results\RealDataSets\CHIPS_DC_AREA\g\0007_0006\\tm0_0006_b5_wind6.jpg
(200,28) (200,29)
(171,11) (171,12)
(194,11) (194,12)
(179,38) (179,39)
(168,156) (168,157)
(160,180) (160,180)
(182,80) (182,81)
(226,27) (226,28)
(193,42) (193,42)
(189,120) (190,121)
RMSE (10 points): 0.9486832980505138
------------------------
--------------------------------------------------------- h
C:\Users\Sarit\workspace\Results\RealDataSets\CHIPS_DC_AREA\h\0008_0006\etm_0008_b5.jpg
C:\Users\Sarit\workspace\Results\RealDataSets\CHIPS_DC_AREA\h\0008_0006\tm0_0006_b5_wind7.jpg
(85,72) (86,72)
(229,87) (230,87)
(80,145) (81,145)
(203,207) (204,207)
(192,40) (193,41)
(119,128) (120,129)
(181,142) (182,143)
(68,58) (69,59)
(127,195) (128,196)
(17,125) (18,125)
RMSE (10 points): 1.224744871391589
------------------------
