-------------------------------------------------------- a
C:\Users\Sarit\workspace\Results\RealDataSets\CHIPS_DC_AREA\a\0001_0006
etm_0001_b5.jpg
152.015625000000	46.9531250000000
154.976562500000	94.9765625000000
88.9613671788021	199.005455355155
196.007812500000	202.992187500000
178.970136220747	158.974327628362
93.9776219104877	184.982743264306
113.992187500000	170.023437500000
92.9921875000000	147.976562500000
128.015625000000	124.015625000000
141.015625000000	47.0156250000000
150.976562500000	92.9453125000000
END
tm0_0006_b5_wind0.jpg
157.941127532544	91.9930018596457
159.989913951192	140.970776320120
94.9960937500000	244.972656250000
200.997675239833	248.006091460185
183.995800140899	203.973039614155
99.0138566854367	229.971127304847
120.000028960324	215.972227048943
98.0227304914318	192.966789406600
132.971808046979	169.997086755058
146.014338847020	93.0453655671919
155.993487562891	138.960525697089
END
((x-4.06)-1.27);((sin(17.37)+(y-29.07))-16.99)
--------------------------------------------------------- b
C:\Users\Sarit\workspace\Results\RealDataSets\CHIPS_DC_AREA\b\0002_0006
etm_0002_b5.jpg
181.012820512821	8.95814977973569
92.9843750000000	131.984375000000
58.0312500000000	142.031250000000
176.992187500000	136.023437500000
95.9846266471450	178.007076622743
209.024995705205	48.9865143446144
69.9531250000000	196.953125000000
43.0078125000000	125.023437500000
40.0085216012683	170.976416963932
18.0152160034050	97.0107469674399
END
tm0_0006_b5_wind1.jpg
185.965928244642	55.9317360943896
97.9843750000000	178.984375000000
62.9687500000000	188.968750000000
181.970713405757	183.002855862919
102.019394974384	225.116735789217
214.001889385091	95.9833390587427
74.9921875000000	243.976562500000
48.0078125000000	172.023437500000
44.9803804994055	218.031510107015
22.9726562500000	143.964843750000
END
((cos(202.16)+cos(202.16))+(sin(242.67)+((x+cos(183.68))+sin(278.16))));((((y-cos(48.74))-cos(66.27))-((43.03-sin(209.9))-sin(209.9)))+sin(254.8))
--------------------------------------------------------- e
C:\Users\Sarit\workspace\Results\RealDataSets\CHIPS_DC_AREA\e\0005_0006
etm_0005_b5.jpg
96.0169883937699	180.996241505803
147.975710357470	118.973327222731
191.993833809037	156.982740050622
236.993661060802	68.0049590340664
18.9960937500000	138.011718750000
160.009028679334	164.994275935324
109.997739180363	52.0105146056126
228.032232526578	171.994232074191
190.011611541168	149.972202674173
69.0047974804073	78.9987914744012
END
tm0_0006_b5_wind4.jpg
100.031757334093	229.025206493876
152.005859375000	166.998046875000
194.974205040243	205.951906583982
240.954991425039	116.952279344315
23.0273349864211	187.013637973787
164.996775078908	214.013379991766
114.017216685564	101.001044339679
230.991162839412	219.951074860569
195.013757613947	198.974830217741
73.0228555426307	128.014712851665
END
((sin(310.19)*4.17)+x);((sin(2.32)+cos(267.27))+((8.64+y)+(59.4*sin(284.74))))
--------------------------------------------------------- g
C:\Users\Sarit\workspace\Results\RealDataSets\CHIPS_DC_AREA\g\0007_0006\
etm_0007_b5.jpg
200.007036098243	28.0388514989948
170.981929840064	10.9847574445525
194.004694512092	10.9789474490343
179.022967458407	37.9979596107565
167.906517628740	155.976365254143
159.984906819578	180.059123489658
182.012449334105	80.0275043427909
226.022990051089	27.0189567087927
193.000000000000	42
188.973261451625	120.003871481294
END
tm0_0006_b5_wind6.jpg
204.979660657476	72.9998515376458
176.010867644460	55.9953171938505
198.993258293235	56.0088160780780
183.995560139923	82.9985200466410
172.974696919141	201.020520520521
165.002203480256	223.998819694655
187.025000000000	125.025000000000
230.972513431549	71.9828738127127
197.987311862118	86.0451332353759
194.998660697905	165.005338861777
END
((0.47-5.11)+x);(cos(24.8)+(y-45.05))
--------------------------------------------------------- h
C:\Users\Sarit\workspace\Results\RealDataSets\CHIPS_DC_AREA\h\0008_0006
etm_0008_b5.jpg
85.0098461839914	72.0179778583325
228.995819964752	86.9921144199919
80.0086434817979	145.006541929361
202.999043818076	207.021992184252
192.008474576271	39.9745762711864
118.991753574322	127.991466060273
180.992936224969	142.019556067877
67.9951014474433	58.0194993995322
126.974660794663	195.001473397882
16.9880174291939	124.979302832244
END
tm0_0006_b5_wind7.jpg
89.9758499069266	119.044528264916
233.996714161093	133.953988562567
85.0128351907837	192.018005044632
208.015625000000	254.015625000000
196.985237749922	87.9936289236507
123.994140625000	175.974609375000
185.985529936427	190.023863744188
72.9850790966424	106.023447133848
131.978604845765	243.011581910159
21.9970614671921	172.025133098251
END
((sin(319.21)+(sin(319.21)+cos(188.9)))+(sin(309.02)+((x+sin(208.03))+sin(319.21))));(((y-sin(39.8))-46.41)-cos(92.43))