--------------------------------------------------------- b
C:\Users\Sarit\workspace\Results\RealDataSets\Satellites\CHIPS_DC_AREA\b\0002_0006
etm_0002_b5.jpg
181.012820512821	8.95814977973569
92.9843750000000	131.984375000000
58.0312500000000	142.031250000000
176.992187500000	136.023437500000
95.9846266471450	178.007076622743
209.024995705205	48.9865143446144
69.9531250000000	196.953125000000
43.0078125000000	125.023437500000
40.0085216012683	170.976416963932
18.0152160034050	97.0107469674399
END
tm0_0006_b5_wind1.jpg
185.965928244642	55.9317360943896
97.9843750000000	178.984375000000
62.9687500000000	188.968750000000
181.970713405757	183.002855862919
102.019394974384	225.116735789217
214.001889385091	95.9833390587427
74.9921875000000	243.976562500000
48.0078125000000	172.023437500000
44.9803804994055	218.031510107015
22.9726562500000	143.964843750000
END
((-5.3)+x);(rotate1(0.98)-45.35)