-------------------------------------- rot
C:\Users\Sarit\workspace\Results\RealDataSets\Satellites\CHIPS_DC_AREA\b
a.jpg
64.0691000278629	95.0353859013653
109.982044198895	113.026703499079
151.005219454330	65.9180308422301
103.073379310345	34.9322758620690
175.014647501711	49.9808350444901
48.0163737057549	147.028052010595
12.0230319697491	45.9511859745617
96.0343772498200	14.0052195824334
19.8949899799599	108.978957915832
END
a_rot.jpg
52.0016422812780	131.016572111078
86.0937500000000	166.156250000000
143.024861878453	140.969613259669
111.997996565541	92.0111619919863
171.000968440242	136.058846986442
14.9236084452975	170.993282149712
25.9781466443755	64.0395271077144
116.033106960951	70.9414261460101
5.93301178992497	125.060557341908
END
0;0
-------------------------------------------------------- a
C:\Users\Sarit\workspace\Results\RealDataSets\Satellites\CHIPS_DC_AREA\a\0001_0006
etm_0001_b5.jpg
152.015625000000	46.9531250000000
154.976562500000	94.9765625000000
88.9613671788021	199.005455355155
196.007812500000	202.992187500000
178.970136220747	158.974327628362
93.9776219104877	184.982743264306
113.992187500000	170.023437500000
92.9921875000000	147.976562500000
128.015625000000	124.015625000000
141.015625000000	47.0156250000000
150.976562500000	92.9453125000000
END
tm0_0006_b5_wind0.jpg
157.941127532544	91.9930018596457
159.989913951192	140.970776320120
94.9960937500000	244.972656250000
200.997675239833	248.006091460185
183.995800140899	203.973039614155
99.0138566854367	229.971127304847
120.000028960324	215.972227048943
98.0227304914318	192.966789406600
132.971808046979	169.997086755058
146.014338847020	93.0453655671919
155.993487562891	138.960525697089
END
((x-cos(358.26))-4.23);((2.7+(y+sin(128.33)))-48.99)
--------------------------------------------------------- b (rad)
C:\Users\Sarit\workspace\Results\RealDataSets\Satellites\CHIPS_DC_AREA\b\0002_0006
etm_0002_b5.jpg
181.012820512821	8.95814977973569
92.9843750000000	131.984375000000
58.0312500000000	142.031250000000
176.992187500000	136.023437500000
95.9846266471450	178.007076622743
209.024995705205	48.9865143446144
69.9531250000000	196.953125000000
43.0078125000000	125.023437500000
40.0085216012683	170.976416963932
18.0152160034050	97.0107469674399
END
tm0_0006_b5_wind1.jpg
185.965928244642	55.9317360943896
97.9843750000000	178.984375000000
62.9687500000000	188.968750000000
181.970713405757	183.002855862919
102.019394974384	225.116735789217
214.001889385091	95.9833390587427
74.9921875000000	243.976562500000
48.0078125000000	172.023437500000
44.9803804994055	218.031510107015
22.9726562500000	143.964843750000
END
((cos(3.52)+cos(3.52))+(sin(4.23)+((x+cos(3.205))+sin(4.85))));(((y-cos(0.15)-cos(1.156))-((43.03-sin(3.66))-sin(3.66)))+sin(4.44))
--------------------------------------------------------- e
C:\Users\Sarit\workspace\Results\RealDataSets\Satellites\CHIPS_DC_AREA\e\0005_0006
etm_0005_b5.jpg
96.0169883937699	180.996241505803
147.975710357470	118.973327222731
191.993833809037	156.982740050622
236.993661060802	68.0049590340664
18.9960937500000	138.011718750000
160.009028679334	164.994275935324
109.997739180363	52.0105146056126
228.032232526578	171.994232074191
190.011611541168	149.972202674173
69.0047974804073	78.9987914744012
END
tm0_0006_b5_wind4.jpg
100.031757334093	229.025206493876
152.005859375000	166.998046875000
194.974205040243	205.951906583982
240.954991425039	116.952279344315
23.0273349864211	187.013637973787
164.996775078908	214.013379991766
114.017216685564	101.001044339679
230.991162839412	219.951074860569
195.013757613947	198.974830217741
73.0228555426307	128.014712851665
END
 ((sin(310.19)*4.17)+x);((sin(2.32)+cos(267.27))+((8.64+y)+(59.4*sin(284.74))))