210.009  201.608  110.1  109.339
190.849  205.987  97.1254  112.707
127.516  163.839  55.3681  84.8339
121.105  143.076  50.8575  70.1175
96.1475  138.416  34.0228  66.8919
126.295  189.22  54.1645  100.127
74.5251  186.224  20.0567  99.5956
103.868  143.521  39.4317  70.8462
91.449  137.41  30.8322  66.1724
110.353  147.663  43.6159  73.1129
235.848  60.6535  127.398  14.9133
122.979  145.713  52.1747  72.1292
92.5209  233.256  31.2651  130.327
106.171  167.212  40.838  86.2251
101.362  228.113  37.2347  126.744
108.08  142.543  42.1113  69.769
71.8545  159.582  17.8083  81.3164
106.835  152.746  41.2325  76.4449
184.969  218.203  93.6742  120.262
91.7426  239.08  30.8023  134.307
70.0195  147.432  16.6602  73.3538
97.7174  132.292  35.1061  62.8899
123.975  147.21  52.9891  73.798
196.639  131.624  101.157  62.9638
223.676  222.615  119.017  123.288
71.6236  198.548  17.8775  107.568
155.877  202.043  74.1884  110.03
83.1728  152.47  25.4211  76.5335
144.673  101.739  66.5996  42.6213
96.1429  137.671  33.8664  66.0556
124.904  152.912  53.3888  76.5842
209.006  199.826  109.642  107.928
77.0394  153.097  21.2189  76.8416
124.956  177.287  53.5287  93.1572
84.3363  130.217  26.0461  61.4255
99.3926  234.655  35.9177  131.238
168.925  120.77  82.7801  55.688
71.2854  149.123  19.0592  76.7736
97.5187  181.684  35.1109  96.1019
209.255  200.96  109.669  108.822
131.536  224.507  57.9395  124.423
89.687  130.15  29.8379  61.7279
142.559  205.026  65.4236  112.44
107.601  165.168  41.8727  85.0877
128.026  163.146  55.3926  82.9102
60.8177  193.911  10.5902  104.471
90.9235  130.874  30.5717  61.9808
129.164  174.704  56.3498  91.3259
84.8114  153.713  26.5912  77.5305
65.5985  125.059  13.4581  58.1002
110.135  172.47  43.2956  89.1845
179.611  226.002  90.0229  125.631
110.431  192.255  44.0364  103.517
84.0395  199.847  26.0033  108.174
90.9724  141.413  30.4622  68.6928
120.656  168.693  50.4745  86.9146
237.035  207.937  127.686  113.642
241.559  50.7245  131.172  8.25536
101.346  232.676  37.4441  130.025
91.197  131.187  30.7366  62.2506
182.074  129.389  91.5554  61.3524
99.3395  147.111  35.7677  71.6644
94.1845  215.493  32.7208  118.509
97.2326  224.795  34.8896  124.901
85.8161  210.864  27.0091  115.38
84.9665  200.183  26.6326  108.389
185.843  197.637  93.9685  107.066
100.503  220.297  36.2535  121.13
88.6856  131.853  29.28  63.074
113.657  149.878  45.9264  74.7667
95.7631  139.916  33.9344  68.2088
119.185  180.886  49.5651  95.1379
90.3184  238.294  30.3773  133.981
182.041  194.697  91.4907  105.087
101.919  118.318  37.6499  52.8072
175.713  228.185  86.9242  127.663
84.3379  128.95  27.8119  64.1596
128.434  199.122  55.5786  106.784
62.9112  203.13  11.4768  110.233
203.783  229.875  105.701  128.324
112.323  163.235  44.6095  82.4428
87.4368  166.001  28.164  85.4454
100.762  149.885  37.2741  74.7678
179.719  168.417  90.0331  87.158
155.85  201.786  74.1221  109.97
91.1278  140.864  30.9192  69.0259
139.013  175.6  62.9493  91.6652
105.416  168.214  40.1731  86.6652
155.498  209.286  73.8364  115.362
217.493  225.921  115.457  125.157
185.412  170.985  93.7841  89.1972
190.917  116.844  97.5646  52.2013
87.2045  198.052  28.464  107.412
79.8193  217.439  23.1329  119.931
154.847  205.683  73.5273  112.815
69.1089  148.466  15.8514  73.6639
60.5195  195.081  10.2364  105.219
52.9105  142.519  29.4719  100.75
151.979  185.185  71.6482  98.8244
216.206  201.097  114.525  108.749
239.54  219.278  129.109  121.131
199.735  138.641  103.407  67.0009
198.475  60.6328  102.387  15.085
112.783  147.95  45.6935  74.923
246.645  54.171  134.249  11.1524
73.1654  139.886  18.6318  67.9759
93.3856  206.34  32.0159  112.307
121.514  95.479  51.1615  38.5983
220.506  72.4981  117.033  23.4314
68.3676  145.659  14.533  70.5693
91.2598  204.357  30.8869  111.131
148.943  212.277  69.5304  119.175
85.5873  127.377  27.1645  60.2411
138.069  157.456  62.3858  80.3605
219.417  225.458  116.279  125.213
158.292  192.278  75.7915  103.001
69.5884  208.508  16.1773  114.079
96.2913  139.052  34.0929  67.4234
179.885  66.0903  90.0296  19.3013
71.1403  206.998  17.0545  112.938
217.148  67.4761  114.429  20.7627
110.342  193.008  43.6755  103.356
66.009  137.627  13.8665  66.7929
76.6827  163.508  20.7216  83.3505
95.0451  234.651  33.2131  131.46
107.511  116.778  41.6547  52.6875
114.453  149.259  46.7254  75.1024
99.4017  234.723  35.8536  131.146
129.336  188.062  56.4876  100.631
92.441  180.484  31.491  95.1174
131.479  136.797  57.7376  65.9645
181.11  213.259  90.8355  117.524
78.1258  150.078  22.0272  74.8195
201.294  73.0763  104.232  23.4926
74.2662  205.717  19.2451  111.938
86.3186  217.132  27.4191  119.784
69.3545  150.966  16.0181  75.2877
92.4282  218.473  31.618  120.722
117.409  168.405  48.5136  87.1021
156.209  208.608  74.1032  115.974
102.68  230.761  38.6993  129.046
91.5216  147.219  31.0083  72.7966
99.5678  136.524  36.3286  65.8631
106.535  190.412  41.571  102.742
107.235  118.994  41.5705  53.9423
83.5627  154.792  25.4917  77.9489
230.758  219.412  123.931  120.904
64.1351  150.275  12.765  75.181
233.921  221.249  126.084  122.281
92.3544  232.722  31.5246  130.265
87.3368  165.799  28.1311  85.4602
107.135  177.909  41.4683  93.5388
88.7967  167.174  29.3397  86.7401
113.824  161.772  45.9423  82.7581
100.977  149.581  37.5569  74.7647
104.48  133.884  39.2992  63.167
97.5407  155.933  34.8879  78.6492
62.1327  175.034  11.1249  91.6767
95.7631  139.916  33.7342  68.0647
101.274  176.514  37.7931  93.1159
147.955  196.845  68.858  106.228
106.419  167.453  40.9002  86.3953
97.542  240.32  34.9275  135.1
146.486  88.6861  67.8829  34.6213
92.6989  163.077  31.7713  83.3056
105.645  170.428  40.3133  88.2417
81.1687  159.756  23.6897  81.007
107.262  153.743  41.3638  76.9867
219.06  225.404  116.215  124.899
114.664  139.224  46.86  68.3943
223.993  75.4201  119.386  24.8532
204.632  88.1119  106.395  33.691
97.8556  181.852  35.1597  96.0982
204.468  200.567  106.167  108.809
57.5268  202.695  8.73915  110.731
89.9127  146.658  30.0791  72.6809
81.9015  223.892  24.1439  124.205
79.6018  131.293  22.4296  61.546
82.4994  152.35  24.9518  76.2336
76.1868  187.772  20.7082  100.297
159.621  203.416  76.8207  109.579
97.0356  136.461  34.5276  65.6456
155.898  201.148  74.1505  109.034
109.244  160.393  42.7209  81.5106
84.7903  164.954  26.5258  84.701
107.281  126.288  41.4559  58.9797
106.171  167.212  40.7099  86.2168
87.5198  157.934  28.8212  80.7873
71.7013  160.354  16.5003  80.4171
129.494  197.449  56.2937  105.89
183.829  195.45  92.5123  105.568
148.464  212.636  69.4103  119.466
107.865  144.077  42.1145  70.8891
109.814  136.931  43.4774  66.3282
77.1253  162.736  20.7021  82.6953
171.404  222.887  84.4156  123.607
106.858  149.94  41.4338  75.4332
92.8463  232.772  31.5567  130.163
161.411  189.496  77.8819  100.782
202.427  193.638  105.413  103.451
97.2576  167.242  35.3672  87.0117
209.671  83.8467  109.931  30.2251
68.9247  197.999  15.831  106.873
90.7115  176.319  30.3064  92.3886
129.036  173.948  56.1219  90.8288
90.6266  131.017  30.5082  62.1254
169.167  207.955  83.1711  113.038
55.5166  134.433  6.87185  64.4379
97.7668  184.845  35.003  97.5317
86.1638  197.431  27.2358  106.55
91.27  176.782  30.5413  92.4879
115.775  192.449  47.277  103.296
124.43  213.424  53.7679  118.663
61.144  146.937  10.2763  72.6841
176.367  143.676  87.7713  70.2672
229.965  199.221  122.396  108.556
113.622  148.386  45.6455  73.4738
58.0073  186.533  8.634  99.3524
76.6894  199.657  21.1939  108.056
88.5863  147.503  29.0241  72.8797
158.04  179.329  75.5962  93.8452
101.63  152.767  37.2196  75.62
165.674  155.363  80.5618  78.5176
127.022  175.115  54.8917  92.1484
202.718  192.579  105.223  103.215
119.314  180.98  49.7938  95.3028
61.1849  185.786  10.8927  99.2968
85.1671  150.676  26.667  75.4556
200.561  203.692  104.095  110.27
59.5364  136.787  9.33907  66.111
116.171  192.833  47.5806  103.657
110.538  165.857  43.6162  85.2894
130.78  186.148  57.2528  98.7909
207.598  81.0228  108.626  28.0187
115.271  143.595  47.104  70.5421
90.0877  169.277  29.4028  86.4109
73.911  162.034  19.0818  82.5754
180.001  63.1714  89.9375  17.0814
156.18  109.947  74.1344  48.5092
112.24  153.826  45.113  77.4534
102.39  186.557  38.1618  99.2178
197.216  198.835  101.614  107.799
83.0235  152.941  25.0994  76.7725
113.896  135.677  45.9308  64.3538
89.5841  168.012  28.9406  85.8969
142.774  181.529  65.3276  96.0664
155.038  104.51  73.3621  44.8143
120.793  142.133  50.5165  69.5715
203.175  64.5262  105.517  17.3673
210.021  229.295  109.667  127.775
56.47  200.405  7.33638  108.439
67.2672  176.413  14.9673  93.0684
80.9314  131.426  23.8658  62.7616
86.7424  164.581  28.2672  85.0541
95.4145  229.85  33.7436  128.138
238.357  219.628  128.904  121.31
82.1606  168.232  24.3603  86.2681
113.622  148.386  45.5738  73.3129
101.183  228.397  37.2158  126.833
99.9458  169.021  36.7581  87.9964
55.3314  133.703  6.93531  64.1648
97.9336  170.168  35.6128  88.4979
61.1414  147.255  10.1779  72.8111
202.965  72.8562  105.236  23.4473
192.133  211.403  97.9684  116.025
102.884  135.959  38.1126  64.4689
190.79  204.745  97.3358  111.276
177.223  171.538  88.5725  89.3086
114.579  165.424  46.1642  84.5786
57.7293  145.01  8.18725  71.7487
82.3387  224.051  24.1439  124.205
129.794  188.845  56.3832  99.8733
152.006  93.8176  71.2945  38.021
185.474  219.011  93.7542  120.851
181.407  201.954  91.2302  109.185
172.791  158.266  85.367  80.0093
86.5785  173.089  27.7262  90.0255
97.5281  212.815  34.0446  116.047
55.4959  175.896  6.77206  92.0275
68.3317  186.695  15.7002  99.953
64.1351  150.275  12.9198  75.2458
88.9768  167.77  29.1856  86.8517
163.518  210.568  79.5032  114.171
122.402  177.051  51.9719  92.8685
85.207  217.705  26.4968  120.17
161.781  178.818  77.9181  94.4302
168.178  236.335  82.5183  132.71
127.088  148.386  54.6501  73.3834
191.002  212.588  97.2962  116.69
87.0772  150.89  27.9286  74.9056
190.79  204.745  97.3164  111.273
203.9  65.2558  106.375  17.7275
140.936  87.5358  63.862  32.6118
75.7611  214.323  20.182  117.99
100.125  134.966  36.6194  64.8832
83.9752  214.771  25.564  117.679
97.7982  183.251  35.2633  96.7249
108.931  151.343  42.8424  75.5353
70.2614  208.857  16.6909  114.494
212.772  200.699  111.467  108.917
229.793  222.519  122.85  123.086
141.689  94.9913  64.4025  38.2833
119.963  181.25  50.3001  95.5161
157.692  211.739  75.5116  116.904
132.916  98.2466  58.5201  40.189
104.544  117.44  39.4902  52.9581
111.205  169.263  43.9467  87.4047
59.545  136.225  9.49002  66.0391
178.155  141.115  88.7024  69.3394
106.975  125.353  41.7183  58.8665
110.36  149.43  43.9118  74.552
89.9939  168.657  29.9864  87.6674
98.5601  217.859  35.1659  119.915
88.4271  199.519  28.4122  107.674
185.36  92.3418  93.4937  36.5185
102.134  228.662  37.8021  126.906
75.2692  137.56  20.1947  66.3837
202.643  65.6052  105.078  18.2011
161.725  220.177  77.9752  121.677
184.099  223.269  92.3642  124.172
238.537  53.8762  129.225  10.7846
148.865  74.9432  69.141  25.5727
102.991  150.522  38.3876  74.8857
106.003  139.169  41.0855  68.0016
162.002  218.801  78.28  120.36
159.164  102.985  76.0282  44.0622
91.7698  209.498  31.2414  114.387
77.9277  196.107  21.6331  105.197
164.664  61.2404  79.6425  15.8969
118.606  132.811  48.9092  63.0673
207.952  90.8038  108.653  35.0263
74.7106  218.447  19.4561  120.306
127.099  172.779  54.6613  89.7402
107.524  139.341  41.5495  67.7507
110.571  139.924  43.7019  68.4839
146.025  222.394  67.4986  123.165
99.7617  133.62  36.5965  64.6572
68.5116  187.915  15.839  100.257
122.34  189.054  52.1195  101.27
116.297  144.124  47.4504  70.961
105.923  139.223  40.999  67.9157
84.8866  156.344  26.2631  78.1992
133.344  237.728  53.8105  123.623
121.125  145.976  50.6947  72.2133
85.7959  164.992  27.998  85.779
156.211  166.144  74.1907  85.7398
220.293  198.447  116.966  107.434
53.353  112.524  5.41734  49.6468
151.216  185.48  71.3342  98.3338
77.3577  140.612  21.2192  68.5787
185.843  197.637  93.8669  106.754
158.758  96.3085  76.1455  39.9809
156.027  66.2886  73.8968  18.9895
124.956  177.287  53.342  93.2541
185.254  219.727  93.9803  121.486
110.221  160.974  43.1861  81.6861
220.015  225.144  116.63  124.702
202.775  232.41  105.032  130.207
237.57  209.356  128.336  114.625
108.876  117.13  42.441  53.0161
70.3077  197.325  16.7764  106.874
126.174  71.5023  54.3427  22.0892
186.221  208.193  94.7362  113.64
95.0049  214.694  33.1315  118.179
133.071  165.695  59.3804  86.6989
100.397  145.697  36.6372  71.7326
128.24  149.198  55.4543  74.3797
153.589  191.004  72.5224  101.607
177.807  64.6545  88.4277  17.7914
119.861  165.534  49.893  85.4007
142.38  202.292  64.9598  109.307
118.17  133.753  48.6841  64.1024
119.983  113.165  49.7894  49.958
92.35  175.808  31.3334  92.1279
97.1147  146.393  34.7055  71.7043
151.3  209.736  70.9883  114.525
81.1415  218.231  24.065  120.826
95.792  139.337  33.7364  68.0015
147.804  72.2988  68.3924  22.9338
203.252  198.288  106.426  105.847
85.7449  163.727  27.5693  84.2737
76.9858  194.368  21.5169  104.484
185.727  218.878  93.7542  120.851
66.5533  195.765  14.7158  105.625
88.2216  130.398  28.6657  62.0957
203.47  62.1752  105.528  16.0947
212.762  217.841  111.385  120.18
159.465  63.5369  76.1378  17.5707
60.7237  197.635  10.009  106.291
84.3685  125.41  26.8299  59.2456
80.6449  144.701  23.0353  70.6705
149.854  74.0427  69.7545  24.5545
128.09  174.969  55.7075  90.8187
146.096  222.72  67.4986  123.165
171.317  136.445  84.2082  65.6879
105.757  137.754  40.0103  65.7869
145.655  235.234  67.2266  131.666
155.606  210.457  74.2943  115.515
182.827  167.32  91.7861  86.6766
143.267  94.6854  65.3927  38.1665
94.6177  134.231  33.1893  63.9207
90.5436  175.027  29.8794  91.2849
100.354  169.489  36.7581  87.9964
113.881  160.525  45.5793  81.239
95.5471  214.812  33.2565  118.072
164.455  173.341  80.0727  91.0389
102.252  154.996  38.6644  78.5376
61.6854  212.288  11.2683  116.519
55.3939  134.974  6.70383  65.3326
61.5859  136.613  10.3692  65.701
98.4403  156.701  36.0935  79.602
201.776  234.729  104.31  131.223
159.606  204.801  76.5049  111.297
192.904  207.11  99.1622  112.992
214.392  218.172  112.953  120.025
148.267  71.3536  68.676  22.1977
142.087  95.2084  64.5898  38.3694
110.617  180.565  43.6595  95.3921
63.4781  193.83  12.1863  103.936
127.748  174.537  55.1764  91.4985
64.3042  216.445  12.9119  119.822
110.673  180.668  43.6552  95.3716
90.88  170.08  30.4893  88.6012
238.199  226.501  128.667  125.466
105.089  156.69  39.6449  78.7896
91.561  223.472  31.1439  123.731
98.8234  182.187  35.4678  96.0735
55.8869  138.087  7.18159  67.6165
97.4471  146.031  35.0025  71.5374
119.774  180.174  51.9086  101.27
107.038  117.27  41.0409  52.7033
97.919  233.949  34.7538  130.974
158.047  215.098  75.5802  117.644
93.2791  238.423  31.4889  134.001
102.011  178.78  37.7927  94.092
105.375  169.89  39.8851  87.7775
90.0898  201.42  29.8758  109.426
145.311  193.781  66.8957  103.896
101.592  133.257  38.0564  63.6453
207.647  205.421  107.839  112.172
79.585  156.728  23.6419  79.8658
103.37  136.3  38.4498  65.0761
145.317  193.846  66.8957  103.896
88.6303  140.168  29.3085  68.1545
201.594  234.113  104.486  130.633
90.6955  146.763  30.7457  72.6404
112.141  158.592  44.231  79.5474
193.893  212.413  99.3224  116.272
90.0671  129.721  29.7225  61.3388
112.803  135.786  45.123  65.7732
83.2851  153.249  25.0754  76.9177
129.53  190.987  55.655  99.6681
212.927  78.672  111.92  26.7621
173.678  140.361  85.7921  68.1053
128.24  149.198  55.3949  74.3728
73.7402  142.79  18.8793  70.3358
105.04  182.057  39.6709  95.9933
188.65  222.65  95.6187  123.327
163.253  227.691  78.7074  127.134
158.231  214.839  75.7172  117.336
75.6405  152.226  19.7736  76.0462
126.107  162.401  53.9669  83.1187
84.3363  130.217  25.8683  61.6992
52.0656  173.015  5.44526  91.6572
109.32  165.499  42.7238  85.2932
128.286  195.951  55.3792  105.209
99.3997  235.196  35.9268  131.258
105.28  135.777  39.7117  64.6765
159.125  127.863  76.0114  59.8877
55.1377  165.381  10.0223  88.4388
115.122  161.847  46.6344  82.9138
131.471  137.765  57.5235  66.7038
102.957  132.94  38.2839  63.2026
108.533  194.782  41.6242  103.845
183.224  223.079  92.1931  123.447
125.458  147.683  54.344  74.4797
163.754  174.924  79.0749  91.9365
216.712  200.455  114.464  108.204
110.502  177.542  42.9023  91.9363
120.105  157.216  49.9529  79.7922
195.901  62.8817  100.437  16.502
148.021  74.1422  68.4718  23.6815
75.5683  144.568  19.7607  70.9914
129.551  138.213  56.2576  67.1978
86.2144  211.337  27.7545  115.73
97.9149  128.874  34.8312  60.3858
93.3256  165.596  32.1505  85.7365
82.0661  167.635  24.7495  87.3173
84.3948  155.233  26.6842  78.5291
130.564  187.279  56.877  99.3095
194.524  206.144  99.7146  112.082
73.8523  212.851  18.9453  117.199
115.596  116.874  46.9662  53.3531
180.248  62.9903  89.9348  16.9031
63.1027  193.904  11.9574  103.941
90.88  170.08  30.461  88.6489
82.3097  224.159  23.9956  124.376
204.533  135.182  106.19  64.9666
203.064  200.622  105.029  108.771
215.705  225.561  113.428  125.083
121.235  169.198  50.3323  86.4635
103.303  152.308  38.3324  75.7368
65.9265  195.1  14.0709  104.896
121.85  182.64  51.669  96.3012
198.638  205.533  102.844  112.171
118.746  137.204  48.9339  66.2113
69.2391  156.002  17.0464  79.7394
80.3232  194.702  23.259  104.068
199.18  210.679  102.879  114.988
113.691  134.541  45.4739  64.2174
164.045  173.604  79.1739  91.4235
55.2466  69.7836  6.80792  21.0829
78.1323  155.455  21.5805  78.474
203.475  64.0037  105.494  17.1119
107.74  164.311  42.4121  84.6801
107.945  141.361  42.3775  69.0105
199.652  195.986  103.152  105.21
111.675  181.899  44.2951  96.2859
246.734  208.635  134.528  114.162
100.728  133.425  37.0482  64.3718
114.306  151.485  45.9446  75.7223
170.34  127.744  83.3315  60.6095
117.751  151.068  48.2549  75.4244
157.487  209.118  74.9458  114.591
72.0473  210.401  17.4726  115.422
113.281  201.401  46.8941  111.981
127.457  149.693  54.9091  75.2208
103.496  178.205  39.9302  96.0003
88.8479  143.284  29.7475  70.6786
87.8101  165.852  28.1311  85.4602
123.702  140.482  52.2131  68.2136
71.7019  197.047  17.5964  106.742
187.388  72.2031  95.535  22.2498
157.916  212.892  75.333  116.559
128.769  198.04  55.633  106.547
129.282  197.863  55.9923  106.467
113.619  142.398  45.5745  70.0392
105.238  118.85  39.8483  54.0876
211.988  219.964  111.629  120.935
190.501  226.745  96.1522  126.531
80.4819  217.396  23.2748  120.175
141.042  93.7391  63.7986  37.3279
82.9002  192.362  25.2587  103.739
104.023  108.967  39.0936  47.7658
149.522  83.1346  69.4415  30.4473
103.604  134.175  38.6952  64.1378
115.074  124.926  46.391  57.8987
71.8967  150.434  18.2932  75.25
225.272  203.756  120.096  111.241
173.602  183.071  86.047  95.6915
96.9424  145.14  34.8656  71.1738
206.264  221.69  107.329  122.439
167.219  161.01  82.0889  82.3552
143.271  137.354  65.3541  66.5035
122.178  189.306  52.1195  101.27
94.4231  234.998  32.3407  131.796
79.1344  156.379  21.9606  78.697
177.533  151.929  88.1628  76.3586
115.476  185.24  46.7213  98.2981
89.9917  137.519  30.3295  66.3894
125.903  121.951  53.7159  56.3273
91.5603  147.073  31.2519  72.4807
90.2543  222.475  30.5581  123.139
108.919  165.264  42.3415  85.0894
165.476  206.107  80.1281  112.732
83.7446  153.377  25.321  77.0816
178.849  234.232  89.8181  130.267
118.193  180.413  48.4894  94.9172
120.807  135.445  50.271  65.0873
72.6405  202.62  18.7296  109.937
143.754  85.1204  65.5977  32.8676
129.597  175.831  56.2982  92.3968
188.154  223.112  95.2404  123.546
83.5564  153.033  25.321  77.0816
193.98  210.832  98.8705  115.643
189.188  223.678  95.6607  124.164
111.845  149.36  44.9244  73.9183
182.692  166.613  91.5114  86.3094
207.37  205.927  107.839  112.172
204.533  135.182  106.133  64.91
204.596  135.015  106.145  64.8661
141.621  93.7008  64.1457  37.3261
58.986  205.118  9.30417  111.482
131.18  186.207  57.2528  98.7909
93.7626  131.423  33  64.6646
84.3751  126.644  26.6191  59.2449
59.3127  182.776  9.32835  96.306
147.519  185.639  69.0472  99.2575
82.0205  135.247  24.827  66.2901
75.3022  154.311  19.492  77.5756
118.794  156.399  48.9352  79.1316
115.989  184.448  47.3002  98.4217
82.7807  200.542  25.2876  108.239
92.0794  209.267  31.6653  114.157
188.762  223.008  95.5445  123.541
139.949  194.669  63.1795  104.629
145.505  170.818  66.8633  88.8156
175.479  79.2214  86.6783  27.8002
222.587  184.366  118.649  98.2033
199.409  203.406  102.668  110.427
85.2546  152.258  26.9553  75.8129
151.6  187.899  70.8972  101.536
94.4975  234.962  32.3407  131.796
79.7495  129.728  22.6873  61.4626
65.602  204.056  13.3273  111.417
211.61  219.67  111.071  120.871
204.633  135.324  106.19  64.9666
95.9646  177.158  33.883  91.9646
218.54  226.034  115.888  124.952
74.2359  217.612  19.2148  119.545
78.7557  195.366  22.6582  104.846
107.961  172.234  41.6217  89.6642
120.881  183.15  51.1433  96.7179
87.1064  187.262  27.6756  99.9578
83.5564  153.033  25.0994  76.7725
88.4894  154.417  28.3978  77.6278
159.438  188.326  77.0466  100.35
97.0907  220.839  34.1219  122.214
90.7932  174.472  30.0416  91.2218
179.852  237.667  89.6147  133.26
88.7291  161.572  28.3381  82.0624
81.8792  136.929  25.3235  66.7274
134.81  117.686  60.345  52.0718
157.559  209.542  74.9458  114.591
208.928  198.645  109.188  106.947
77.498  193.613  21.8438  103.682
209.511  200.272  109.461  108.143
100.331  138.067  36.4695  66.9173
145.007  189.811  67.4376  102.048
81.6666  149.006  24.1408  74.6613
146.024  183.742  67.1829  96.841
225.171  201.142  119.876  109.75
248.049  198.026  135.276  106.275
123.172  140.135  51.7878  68.1689
103.577  151.623  38.6801  76.0255
81.6944  149.027  24.066  74.529
118.725  178.276  48.8029  93.5711
173.441  121.423  85.3511  55.8645
168.629  234.112  82.3036  130.865
194.943  210.086  99.3909  115.17
72.7382  183.31  17.5353  95.6082
71.2697  197.651  17.9112  106.607
83.9571  162.351  25.0959  82.6689
147.091  124.363  67.7832  57.7193
245.609  223.055  133.352  124.036
164.168  175.193  79.4935  90.3998
172.539  232.722  84.7747  130.045
138.675  84.3196  62.9886  30.4613
82.3263  144.437  24.3596  71.2795
119.458  195.897  49.8154  104.215
115.012  188.577  46.1982  100.321
210.59  202.206  109.99  109.543
211.344  199.347  110.232  107.909
192.085  206.231  98.6936  112.671
157.142  140.932  74.5091  68.74
70.5578  157.899  17.4068  80.0235
118.594  198.543  48.7374  107.267
198.244  74.7446  101.731  24.7969
66.1367  176.048  31.1962  111.228
164.777  184.447  79.697  97.6628
153.305  71.8088  71.8189  22.5105
142.222  201.16  64.6118  108.768
161.809  188.447  77.7503  100.17
141.238  205.036  65.1351  113.001
204.312  134.831  105.932  64.5494
161.348  215.143  77.536  117.884
107.89  119.147  41.4104  54.0421
159.183  204.626  75.9704  111.262
72.0949  198.615  18.0962  106.893
147.123  88.3947  67.7137  34.569
86.0962  210.609  27.6179  114.948
172.094  183.506  84.6829  96.6358
59.4683  183.12  9.32835  96.306
101.756  225.023  37.1926  123.745
145.826  182.538  67.021  97.2736
111.494  164.174  44.0429  84.6399
85.4081  210.876  27.2773  115.215
161.838  184.288  77.7362  97.4187
141.273  94.4481  63.8061  38.1065
65.2062  140.242  13.0798  68.9608
77.557  211.584  22.2944  117.201
102.509  171.733  38.5924  88.5501
140.392  168.679  63.3042  87.0328
125.717  183.434  53.8399  98.3836
77.2734  150.126  21.8178  74.5962
117.609  194.419  47.4177  103.133
91.0775  146.591  31.2519  72.4807
160.053  204.077  76.547  110.741
133.708  179.077  59.8289  93.7262
68.2987  155.589  16.3591  79.0498
217.294  205.479  115.648  111.96
126.25  120.161  53.7958  55.1755
69.023  188.478  16.0553  100.074
109.679  153.375  42.6069  76.9371
136.886  197.482  61.0103  106.57
204.047  198.859  106.097  108.423
163.891  225.065  78.7686  125.612
58.5503  195.74  9.02137  105.013
161.924  220.374  77.8587  121.467
90.8087  147.375  30.9055  72.6315
163.392  217.909  78.8851  119.661
215.883  218.431  113.411  120.203
117.115  179.231  48.958  94.6874
97.1619  229.069  34.5059  126.854
168.198  148.645  81.8025  74.0679
236.426  207.41  127.383  112.556
89.7538  198.556  29.6651  106.299
94.7165  141.45  33.7363  69.0906
156.44  199  74.1093  107.221
115.953  185.19  46.8422  98.2529
99.057  183.072  35.4358  96.9064
167.784  121.188  81.6694  54.3429
174.715  164.527  86.09  84.8232
115.452  182.846  46.844  97.5413
213.025  201.146  111.229  109.07
126.21  136.743  53.7719  66.3
78.2338  163.038  21.6151  83.9108
203.126  209.532  105.408  113.959
160.254  203.99  76.5763  110.961
166.345  224.197  80.3571  124.933
203.278  52.169  104.926  9.84219
196.402  216.983  100.909  118.97
161.221  183.7  77.2521  97.0155
106.337  157.815  42.1778  81.4806
243.318  227.945  132.696  127.065
141.642  172.1  64.0786  89.3411
126.527  117.448  53.7725  52.41
138.246  185.055  63.1307  99.01
93.1849  125.474  32.9516  58.9737
104.702  178.896  39.667  94.9771
141.045  201.03  63.5755  107.467
198.04  199.909  102.738  108.509
91.8943  235.45  30.58  132.361
129.481  186.84  55.6537  98.2642
207.927  196.622  109.046  106.587
119.098  174.093  50.3495  91.3147
107.629  190.009  40.632  100.575
124.91  163.337  52.8469  83.8074
98.4691  153.908  36.5235  77.7863
91.858  112.518  32.5837  51.7258
113.987  174.071  45.2391  90.2897
204.073  207.154  105.758  112.578
125.192  161.963  54.3338  83.0036
224.739  224.532  119.574  123.909
113.537  180.17  46.3195  94.4734
214.856  196.403  112.55  105.729
109.475  168.39  42.262  86.7391
126.365  134.278  54.013  65.9078
162.997  189.74  78.4298  100.878
129.182  150.027  55.7074  75.1587
185.046  171.824  92.9359  89.4193
146.801  196.249  67.5445  105.959
73.0913  196.384  18.3543  104.821
119.483  206.179  51.4567  116.938
245.62  223.101  133.385  124.252
107.857  119.64  41.3846  54.936
201.127  68.801  103.659  20.1132
168.48  140.395  83.34  67.7118
162.647  194.417  78.0375  104.715
105.541  135.364  39.3673  63.9856
150.07  221.451  69.6655  124.208
184.285  207.701  92.357  113.357
167.042  176.906  82.3799  92.606
126.21  136.743  53.6778  66.3367
155.823  82.4809  74.6382  30.7268
68.9144  207.148  16.2631  112.648
86.6762  218.999  27.7418  120.168
158.159  212.125  75.97  118.906
81.0058  207.932  24.0918  112.857
101.798  174.151  37.7019  91.9792
110.777  165.039  43.2131  84.802
112.653  172.388  44.5953  90.0093
150.23  217.019  69.6603  122.813
149.275  222.607  69.1908  123.152
111.154  151.206  43.8149  76.6646
70.8063  197.391  17.5965  106.12
146.63  179.158  67.3742  96.6421
188.045  228.307  95.9571  125.858
175.608  145.143  86.3662  72.5475
222.313  183.901  118.567  98.2326
163.006  170.553  79.5375  89.4378
151.977  170.063  70.8203  89.6635
189.262  137.319  95.8233  65.8218
104.878  163.051  41.0019  84.045
172.424  137.438  84.4324  66.5489
122.714  134.539  51.2579  64.7413
173.272  183.991  85.4257  96.3904
148.047  70.6455  68.0687  22.2243
87.5862  205.037  28.0663  112.361
111.714  134.405  43.6461  63.8605
113.44  136.205  44.9176  65.4456
162.496  184.502  77.9351  97.6313
179.759  202.301  89.6042  109.195
117.244  172.298  47.6667  90.0951
222.286  221.259  118.88  122.808
74.3426  154.595  19.8752  77.2352
116.306  191.986  47.1423  103.426
83.8106  189.935  26.1194  100.739
173.117  161.79  84.8731  82.8337
101.266  224.138  37.264  123.146
85.5268  192.646  27.1144  102.364
211.283  54.692  110.199  11.0199
94.4079  185.956  32.6387  99.726
128.732  137.764  55.1866  66.5335
132.842  193.01  58.0863  103.751
99.8703  125.688  35.5743  58.0022
128.232  136.709  54.9131  66.2387
138.934  199.717  63.8218  108.882
180.117  192.836  89.6144  103.242
146.21  171.078  66.9699  89.283
214.917  206.044  114.282  112.487
205.741  205.647  106.077  112.128
153.964  212.239  72.2614  115.871
142.559  95.3527  64.3767  38.5013
120.588  127.137  51.5274  60.5849
117.365  173.601  47.5925  90.6824
99.8432  138.714  35.651  67.1051
149.262  214.432  69.0355  118.294
98.1643  214.434  35.3439  118.888
232.773  221.245  125.934  122.79
80.5073  189.536  35.8974  115.791
143.32  171.094  65.0041  89.238
213.074  201.732  110.876  109.47
152.195  204.502  71.0264  110.475
81.0823  144.219  23.7139  72.2348
101.882  106.896  36.5565  44.4219
117.701  172.484  47.7984  90.0256
68.1499  141.713  15.0782  70.6029
151.392  169.611  70.3152  88.6474
97.1232  176.397  33.6711  92.2604
142.46  167.395  64.5444  89.5494
194.318  189.357  100.383  101.822
136.776  236.135  57.0602  123.876
134.544  227.605  60.6719  130.86
128.387  187.491  55.049  100.375
163.75  201.913  78.6544  109.215
201.631  203.675  103.395  110.688
147.846  89.6675  69.59  34.7084
202.501  195.533  104.743  104.368
89.3736  188.017  30.0213  99.3469
107.531  168.213  40.5579  86.4254
149.412  232.004  69.2403  126.017
151.499  168.938  70.3152  88.6474
126.112  117.127  55.111  52.7848
144.322  115.934  65.443  51.6075
125.204  207.553  50.4857  107.882
128.232  136.709  54.759  66.354
122.546  186.978  51.0932  100.052
87.187  190.832  27.4663  102.852
88.4148  221.707  28.8592  121.616
163.496  183.816  78.3589  97.2933
141.399  85.8555  63.4878  33.9107
102.692  141.406  37.1913  68.3095
101.365  160.952  38.5027  81.7182
126.377  122.88  53.2832  55.9854
96.2007  145.169  34.7968  70.6659
149.122  94.062  70.5237  37.7822
122.501  157.113  50.7793  79.409
151.265  191.18  70.1781  102.101
160.557  70.5384  78.1491  21.5964
151.76  190.814  70.4896  102.089
237.206  203.571  127.823  111.925
113.182  179.627  43.7503  92.8043
160.511  188.489  76.3551  100.177
94.8295  121.463  34.2734  55.737
138.482  201.552  61.4719  108.473
180.297  212.619  89.6102  116.154
164.928  209.201  79.4035  113.794
198.509  200.084  101.447  108.028
135.69  201.379  62.6577  113.43
177.756  182.018  87.8997  95.6677
161.616  233.199  77.2063  129.78
114.154  188.001  43.8613  97.5519
117.614  150.574  47.3488  74.9983
165.656  139.395  81.8685  67.1591
138.184  200.345  61.2064  107.908
185.446  135.894  92.7707  65.1175
149.969  93.8317  71.2414  37.5086
125.487  163.674  52.5731  83.4473
85.6588  189.523  26.2777  102.084
207.24  210.27  107.514  114.244
89.5342  138.024  30.8184  66.6076
123.182  142.419  53.2888  69.0376
74.8893  226.698  20.75  125.407
131.293  92.3307  56.4479  36.1791
129.109  226.447  55.9837  127.661
213.904  137.518  111.531  66.3745
171.808  229.349  83.0021  128.468
131.699  231.524  31.3719  74.9941
105.238  118.85  39.8483  54.0876