140	140
172	73	60	77	84	112	98	87	82	111	97	73	76	94	72	133	113	126	127	74	120	97	73	75	100	86	91	89	122	82	75	82	81	124	89	97	79	87	68	86	104	99	91	93	93	92	100	71	88	103	108	74	72	133	105	112	97	129	101	84	83	81	92	66	103	94	84	71	79	84	92	138	93	89	73	90	97	77	85	76	92	93	91	109	91	87	81	99	87	76	86	65	91	83	71	89	102	70	83	63	98	90	124	107	94	82	97	80	71	87	71	68	75	81	87	68	53	98	86	77	92	67	65	81	83	76	78	80	70	84	66	96	115	104	111	77	75	96	97	70
68	72	74	67	71	75	80	75	78	92	103	59	84	61	84	129	131	117	116	83	93	80	87	82	83	106	113	109	108	110	94	78	62	103	82	93	88	91	75	85	86	95	72	87	115	89	76	91	90	91	102	108	101	115	87	107	112	98	124	78	83	116	65	77	92	93	91	79	83	84	90	134	106	96	66	85	91	88	84	66	84	97	101	113	86	80	77	97	74	79	92	69	86	102	85	75	104	84	61	81	82	169	157	85	73	88	70	67	49	85	94	86	99	95	93	79	66	103	86	75	99	69	68	74	87	81	89	83	83	88	74	112	125	98	95	67	78	71	72	84
90	88	97	76	84	69	81	77	75	88	77	89	94	88	86	93	113	83	97	115	97	80	90	59	56	81	118	65	82	95	127	78	90	110	82	78	84	85	80	81	107	102	80	80	79	88	97	80	86	89	74	66	68	101	103	103	96	101	94	88	100	104	92	84	84	93	99	86	85	81	80	119	135	123	72	76	68	92	92	88	70	72	63	75	68	81	73	76	82	95	106	90	73	93	83	72	94	72	55	116	78	173	156	101	84	117	83	102	71	86	90	79	95	85	84	90	81	102	79	65	83	66	75	76	88	84	95	87	102	87	62	92	101	78	85	78	96	73	61	74
93	83	84	75	85	74	74	66	73	93	70	103	92	106	96	70	102	64	61	97	83	74	89	69	77	103	105	97	51	112	118	81	64	106	109	93	78	69	100	126	121	134	85	78	97	102	88	90	87	103	87	72	81	119	129	92	83	70	102	83	88	101	64	90	86	97	101	86	85	80	71	100	87	110	94	109	81	102	81	74	99	94	75	81	81	106	104	104	94	85	84	97	71	89	87	85	84	67	75	115	91	131	136	116	94	115	104	123	106	94	91	97	91	90	101	129	116	112	78	59	56	61	72	85	78	85	88	86	97	79	52	68	78	70	85	87	82	81	75	69
82	78	71	86	80	81	69	72	68	88	96	73	81	77	120	85	93	84	85	109	106	89	93	108	70	53	93	80	83	84	111	64	84	91	80	91	114	114	104	75	139	70	75	149	108	100	110	82	108	110	106	96	90	100	119	98	87	102	127	124	111	90	70	88	91	100	100	82	86	87	74	94	87	102	82	82	54	91	82	91	79	91	83	78	55	68	76	92	100	89	80	105	98	125	125	110	90	92	85	84	101	125	119	101	121	119	127	92	96	84	82	101	97	90	85	108	85	74	59	56	59	63	55	85	66	91	77	74	76	75	68	78	85	81	79	68	56	70	85	93
81	86	83	104	82	83	74	92	63	84	89	77	82	101	118	88	72	94	125	119	119	93	81	118	92	68	60	111	76	114	107	95	70	99	102	107	87	80	82	74	102	81	62	121	111	101	84	87	93	102	119	82	61	78	110	99	75	131	122	153	135	78	99	86	91	101	99	79	88	96	84	100	97	104	97	98	80	101	71	65	78	90	89	95	74	78	75	87	65	100	102	93	72	87	98	78	97	98	69	85	94	106	85	103	133	134	151	81	96	85	76	85	75	92	110	153	127	96	70	54	90	74	53	82	72	96	77	69	77	79	79	79	81	78	68	55	85	76	82	102
88	82	81	90	79	66	66	81	67	76	70	95	93	131	92	79	82	77	114	65	73	75	72	109	125	81	71	75	73	85	98	78	60	79	69	95	82	100	98	86	86	94	76	105	77	102	99	82	85	87	129	91	77	100	109	87	69	70	117	99	93	97	59	91	86	100	100	78	86	96	87	103	122	108	99	79	70	91	83	94	83	84	81	102	93	94	79	83	82	137	141	107	84	71	92	83	90	81	66	93	77	77	75	110	101	113	126	109	130	99	88	102	96	93	74	95	74	73	93	103	103	85	89	99	99	89	89	86	95	79	70	65	64	64	63	70	108	94	85	87
113	85	81	76	90	65	67	68	74	61	86	74	100	95	78	86	99	68	122	67	89	107	88	89	109	93	73	93	82	126	121	103	56	76	67	108	91	114	95	72	68	118	84	112	117	114	82	118	146	72	93	75	78	87	93	104	83	81	90	75	78	86	73	91	80	100	102	77	80	90	82	100	72	71	91	76	71	83	86	108	87	92	94	110	88	79	72	90	82	104	90	74	91	68	86	81	79	74	84	73	63	86	109	88	100	102	88	131	143	76	68	104	83	86	70	96	76	72	87	88	94	89	133	124	125	77	102	109	99	71	63	65	65	62	64	86	75	95	97	79
79	73	103	101	120	64	68	81	72	72	61	71	60	101	71	97	101	98	60	104	79	73	73	91	92	90	62	108	67	91	94	78	85	53	89	83	124	61	83	88	91	57	73	88	103	96	72	93	115	94	71	80	52	101	85	82	83	67	97	71	134	90	138	116	119	131	126	120	82	62	88	80	99	99	107	83	87	76	90	87	73	89	77	75	97	92	77	90	79	80	91	99	81	102	85	83	78	94	100	100	102	97	95	104	89	85	72	70	94	86	118	87	115	129	139	107	76	66	64	85	105	74	67	65	92	82	82	69	67	103	99	163	146	88	78	101	96	71	77	97
84	78	92	88	111	85	86	85	94	82	54	73	67	94	68	89	91	64	65	91	118	88	92	93	92	88	88	101	80	88	84	71	55	102	97	87	84	116	85	54	72	88	76	105	105	94	80	111	95	89	84	62	64	102	100	84	91	106	132	108	109	71	116	128	133	152	103	79	91	75	76	93	76	97	91	69	71	104	106	83	82	84	72	79	105	97	87	107	84	80	90	85	68	79	81	99	83	89	83	83	99	102	87	76	90	79	102	93	89	118	110	113	112	163	160	92	67	72	75	109	116	77	91	99	83	84	97	63	97	117	98	142	135	101	90	86	76	84	99	107
97	90	87	83	104	111	109	95	104	99	62	84	72	76	67	85	69	74	82	103	80	81	61	81	119	81	85	94	109	83	76	81	99	112	93	85	100	98	80	90	66	103	64	110	102	93	83	113	113	87	96	73	98	80	87	101	89	84	67	83	95	96	101	92	136	104	89	86	62	75	103	74	80	88	75	84	72	97	90	93	92	83	70	85	108	97	90	115	129	95	84	67	77	79	71	70	77	90	90	86	95	98	90	86	80	72	89	83	71	181	176	115	127	181	150	66	69	94	82	99	83	62	59	63	46	73	94	85	90	159	179	180	125	98	124	140	93	123	129	106
79	72	66	68	75	91	90	77	76	98	73	92	71	62	74	92	90	88	78	101	94	149	102	100	110	95	83	81	102	75	92	100	105	117	105	80	112	93	100	131	115	106	70	115	108	99	84	98	90	120	129	53	76	93	101	84	88	92	76	92	86	85	87	85	81	93	79	70	81	81	75	76	78	80	78	90	75	74	75	94	87	84	78	87	101	93	88	104	84	86	101	68	72	69	79	92	81	87	88	92	100	96	97	110	80	163	130	116	124	171	171	144	152	165	128	66	75	98	78	78	54	87	69	78	99	113	86	99	109	168	179	158	125	131	160	154	82	111	106	81
90	84	89	95	85	92	97	90	55	89	76	90	77	68	81	88	103	99	128	104	93	83	77	95	65	106	88	69	71	65	110	101	73	100	95	120	118	96	80	140	146	77	77	103	92	80	68	79	85	92	93	65	71	76	78	106	79	92	97	99	92	75	92	96	79	89	82	72	86	90	73	70	83	97	107	85	91	96	105	92	70	83	87	88	93	95	93	94	104	98	95	65	104	120	108	90	102	79	64	81	102	94	88	102	86	74	68	135	165	165	162	125	151	112	95	72	54	58	58	67	83	110	86	92	112	121	82	85	136	161	144	109	117	148	166	143	126	130	115	108
86	80	99	97	86	86	102	91	88	97	84	91	92	81	74	74	105	77	83	121	124	108	88	113	72	74	65	72	85	65	95	83	77	90	102	115	115	68	61	109	139	71	94	108	97	86	85	112	72	101	92	53	45	96	90	82	80	69	65	71	99	85	94	74	128	89	92	84	71	98	98	60	85	74	79	65	86	75	81	69	69	83	90	87	88	98	101	94	85	107	110	70	75	84	81	94	104	83	68	79	88	73	71	93	94	54	94	133	128	120	97	112	160	80	66	77	65	65	72	81	116	90	84	91	78	102	112	92	107	147	146	103	110	116	124	126	150	124	99	99
98	92	118	99	103	111	139	110	117	92	85	91	98	80	64	84	74	86	75	132	79	66	51	94	104	53	91	73	101	75	80	70	78	122	127	65	73	90	99	70	88	77	68	84	82	75	69	105	121	80	67	83	78	84	71	86	94	90	81	80	85	67	77	69	116	120	95	63	92	104	69	78	112	88	85	97	99	80	88	109	99	92	88	85	83	91	95	88	105	110	97	89	107	121	98	116	85	88	84	79	75	65	71	93	90	136	90	106	196	193	84	154	149	82	67	88	106	113	108	117	115	90	117	127	106	109	134	111	87	123	123	88	116	99	84	99	145	111	92	97
90	83	110	77	96	119	154	106	103	62	70	82	90	69	61	116	69	89	88	99	92	71	90	88	96	76	176	63	74	84	93	68	87	121	87	96	62	128	105	97	110	150	88	106	113	106	80	110	135	72	64	84	92	93	79	76	88	84	66	77	79	77	84	80	94	87	107	88	74	92	80	67	69	88	86	87	61	80	96	124	134	104	85	83	78	78	80	76	87	96	87	93	89	82	52	93	74	81	73	65	76	86	83	81	88	116	82	177	177	151	87	96	77	64	65	74	99	105	98	125	111	105	114	96	90	68	92	108	99	135	132	89	116	90	90	144	143	112	102	104
80	79	97	59	86	77	97	79	68	159	97	62	72	127	140	87	87	78	87	91	99	66	76	77	76	93	66	73	84	87	113	88	85	94	73	114	143	107	94	82	84	164	103	60	94	87	66	130	98	129	89	70	66	86	82	87	83	107	86	100	102	91	110	83	104	97	101	73	112	79	84	83	98	125	152	143	86	89	92	125	185	119	76	90	90	92	71	96	81	87	117	113	92	90	90	100	88	69	75	167	166	87	136	136	102	71	84	84	83	97	93	109	58	105	206	128	78	127	134	103	117	87	107	131	82	145	133	106	85	115	114	157	130	129	197	122	131	132	145	119
83	94	85	73	97	72	90	75	91	169	165	162	106	115	81	99	109	86	110	81	106	96	97	97	41	55	70	105	90	106	79	86	89	70	75	77	102	107	81	110	116	88	70	67	122	102	70	109	116	95	85	66	59	87	80	85	90	97	83	97	95	80	102	105	95	81	77	75	83	53	69	113	71	130	173	150	75	67	91	156	121	118	101	82	74	108	89	79	87	145	144	126	88	77	115	89	77	76	138	136	150	122	129	140	87	67	82	96	99	106	101	94	75	117	208	77	75	153	141	107	109	131	118	83	87	108	108	127	116	138	133	124	110	125	146	100	116	122	143	122
110	115	99	79	81	68	82	130	142	130	101	87	130	88	117	90	81	89	80	104	118	88	94	65	94	62	66	95	60	118	70	122	91	88	46	108	127	68	97	122	71	74	93	97	39	91	59	93	74	40	78	52	44	84	91	96	78	110	109	79	68	89	103	89	102	129	109	76	64	94	104	111	48	75	88	85	80	89	75	101	62	77	91	91	68	82	80	106	152	112	123	110	98	99	79	95	109	81	69	102	128	106	109	114	96	80	73	78	68	74	93	81	55	201	146	58	160	98	80	79	77	148	124	79	160	129	105	127	144	116	114	102	107	109	88	112	130	136	159	134
100	85	85	81	94	99	54	121	188	103	95	117	120	126	79	126	132	98	98	113	99	122	82	116	107	59	62	91	65	122	66	96	65	90	90	78	90	94	78	76	98	75	77	124	49	91	62	104	101	82	106	60	59	81	79	62	90	83	96	97	86	74	74	99	63	77	74	69	61	76	90	109	54	81	91	88	107	113	85	99	96	80	88	113	97	94	93	140	133	106	145	85	66	115	87	112	89	100	77	92	85	115	117	62	85	96	95	107	87	69	84	60	85	152	116	69	130	85	83	102	79	137	112	95	179	135	123	140	139	89	94	95	104	105	84	123	117	119	145	124
76	97	90	102	91	83	77	158	62	116	87	95	70	142	146	86	71	92	75	115	108	81	82	63	64	44	63	86	74	100	73	59	115	95	91	117	125	83	65	103	70	80	99	101	82	66	93	121	102	96	78	56	89	87	89	80	65	91	103	74	70	97	95	80	62	76	93	83	84	90	107	107	55	87	102	80	86	80	63	83	96	86	79	90	107	151	140	140	116	95	96	101	87	79	91	109	84	60	139	68	53	86	122	93	73	90	86	103	100	78	80	59	75	112	79	74	85	84	100	79	55	75	85	116	120	76	85	94	120	104	114	104	96	122	127	110	117	103	122	99
84	134	86	109	86	65	135	197	134	94	112	110	95	119	103	88	94	81	115	70	88	93	93	95	67	72	100	97	76	76	97	71	91	132	99	124	129	87	101	83	61	98	71	73	89	110	99	84	111	114	81	69	80	53	69	102	91	75	73	91	90	70	75	95	77	85	90	74	104	141	135	74	82	93	99	70	83	85	75	82	68	82	85	81	83	128	120	117	113	138	145	96	95	148	131	75	89	66	53	118	47	123	117	112	83	91	72	81	100	82	68	73	91	136	68	110	120	93	111	87	80	54	86	154	116	88	88	77	121	117	129	136	118	127	149	131	146	110	117	95
90	101	64	89	103	104	130	137	75	112	93	148	77	105	129	96	84	96	97	112	115	89	99	90	85	99	146	138	99	81	97	69	67	72	93	84	86	76	47	78	86	109	80	137	82	97	61	142	103	110	105	91	79	95	109	140	72	87	76	87	85	74	90	80	102	70	69	124	158	180	148	108	69	81	105	73	72	74	85	92	92	106	115	105	72	78	71	94	94	96	139	98	68	87	67	80	69	86	73	92	145	129	168	66	88	117	120	120	139	101	60	100	113	63	91	78	48	84	92	117	96	46	63	113	99	95	88	91	123	120	135	150	142	123	134	167	146	94	103	95
88	78	113	77	66	103	104	157	85	96	106	89	70	91	152	91	116	92	70	138	97	99	65	120	104	98	142	133	87	82	87	72	63	139	111	63	60	88	119	91	108	99	90	107	75	116	75	134	141	124	126	89	69	140	110	75	53	64	58	105	107	70	93	97	95	117	125	164	142	176	134	89	81	77	101	78	88	92	93	75	80	90	94	87	73	98	89	97	108	118	95	100	82	64	89	70	77	99	61	97	86	99	97	142	96	137	147	124	129	89	63	155	91	159	149	67	75	75	78	115	82	70	106	133	139	119	90	115	112	139	154	132	134	129	116	168	148	87	93	92
100	78	90	71	90	67	58	95	72	81	104	84	82	105	94	98	90	98	107	91	106	29	83	68	81	64	85	80	45	77	71	62	69	46	83	59	63	121	57	79	68	79	70	72	62	143	84	82	76	83	78	123	98	77	107	67	92	97	102	89	106	67	100	69	94	109	71	139	138	180	147	99	91	63	72	89	75	71	85	86	97	90	102	104	77	94	79	95	104	79	87	66	71	74	83	83	95	74	63	140	117	123	133	165	109	132	122	117	113	104	58	217	115	79	87	52	99	73	99	84	60	72	94	153	121	82	128	109	102	148	169	127	143	123	144	93	108	108	86	73
63	76	89	92	110	77	78	88	81	62	75	87	74	56	76	132	142	75	77	80	59	83	82	92	94	101	93	74	75	101	78	54	89	70	90	113	109	105	60	90	89	82	57	106	76	105	75	62	41	87	95	101	94	64	82	75	72	91	70	72	90	72	76	85	107	119	83	144	125	147	124	97	69	78	80	75	70	66	73	90	103	108	91	104	105	90	106	73	80	78	99	69	67	80	103	110	108	102	67	77	106	160	163	119	77	148	130	134	118	53	103	224	117	67	69	67	110	73	84	82	70	71	76	104	94	98	125	80	110	137	110	79	117	146	142	74	104	110	96	86
101	113	85	77	87	70	95	88	93	85	74	85	88	85	103	115	123	103	70	85	128	147	78	122	109	77	87	100	65	60	88	63	92	76	91	87	85	67	104	92	93	103	71	102	91	87	37	85	78	130	122	60	100	95	92	83	76	110	70	80	86	86	55	93	123	116	75	147	152	180	161	134	74	111	108	86	86	80	82	110	130	101	121	80	87	91	70	49	83	102	136	97	75	72	84	81	75	86	85	81	79	53	68	78	77	89	69	113	148	47	74	99	84	85	97	80	86	71	79	72	111	69	70	97	98	106	117	100	77	103	90	103	113	113	104	105	113	117	103	88
107	107	75	58	69	83	106	97	61	116	125	115	97	95	118	102	117	91	68	95	119	95	136	81	93	66	75	101	75	68	129	122	125	116	63	105	140	88	49	106	117	60	81	86	55	103	50	91	71	102	129	58	92	66	83	126	56	98	77	83	80	96	68	95	58	88	78	131	114	139	154	154	74	98	97	81	76	72	77	96	128	98	135	77	76	112	84	89	83	92	124	95	80	74	80	75	66	92	90	86	91	64	66	70	97	31	47	76	110	50	52	92	60	93	108	88	75	82	86	76	82	86	103	67	59	113	116	82	88	97	97	125	128	96	79	112	117	119	108	92
70	82	103	93	81	92	74	67	80	85	75	105	120	104	96	66	97	83	76	100	116	82	178	79	111	152	96	61	81	79	75	72	113	115	54	100	68	154	74	80	127	91	65	64	105	136	59	132	124	54	83	75	128	67	56	84	68	103	103	88	75	88	93	81	81	97	69	107	108	138	133	94	93	80	87	93	82	84	96	95	74	92	79	85	85	120	141	122	111	82	88	68	72	73	83	87	104	94	55	73	96	94	87	92	71	47	96	83	73	87	63	63	75	74	76	95	99	101	92	93	94	70	96	89	74	82	75	90	116	134	140	114	101	81	88	114	73	78	88	94
75	88	130	122	83	86	64	78	65	70	74	90	87	70	78	85	71	75	68	68	87	80	102	65	81	116	85	74	65	76	65	72	120	73	81	94	62	97	75	127	123	94	63	113	108	92	102	141	125	73	112	88	113	72	80	82	75	105	102	84	80	76	108	71	67	104	92	110	92	110	119	87	82	53	62	79	70	78	92	80	77	86	68	86	85	123	120	93	140	95	91	77	87	82	81	79	106	83	47	74	86	82	87	104	138	59	41	88	69	63	83	117	80	86	89	94	96	101	96	90	93	99	113	82	75	104	89	68	117	121	141	114	91	80	99	125	101	88	94	108
89	88	104	123	92	99	107	128	80	73	71	62	76	98	85	71	137	94	112	100	58	71	87	80	116	89	105	138	53	69	74	84	95	146	152	64	134	94	41	113	76	110	55	84	94	48	66	131	88	62	69	41	107	127	131	80	39	83	59	77	103	80	111	77	100	103	77	117	145	174	169	115	89	84	84	85	86	95	100	95	111	101	104	97	98	120	104	83	114	89	104	95	107	104	101	92	91	95	83	72	106	137	149	98	59	93	89	78	56	112	148	96	78	101	113	91	85	89	94	81	106	76	75	87	90	80	72	85	113	74	80	102	103	130	111	96	116	83	78	92
101	92	82	137	120	110	115	106	74	71	89	75	74	87	71	75	65	100	122	114	135	86	76	134	126	103	105	130	57	106	85	90	109	68	54	67	73	88	50	65	97	105	66	63	75	79	75	106	69	56	58	57	124	115	108	83	63	119	66	108	147	92	94	68	85	79	57	110	146	172	172	128	81	107	96	74	85	91	85	91	77	106	79	97	109	84	148	105	102	93	113	91	93	98	105	99	107	83	97	89	107	79	117	99	96	75	76	71	63	89	95	60	94	79	88	93	107	87	87	87	96	81	72	80	84	81	89	100	78	76	83	90	61	142	122	83	104	78	100	146
113	149	97	146	99	60	82	96	91	67	83	98	80	127	129	72	69	70	64	75	81	67	108	75	86	91	85	90	94	49	64	71	73	76	74	85	89	82	87	69	69	99	74	93	78	82	87	68	67	85	99	59	77	86	87	117	76	80	77	71	98	74	70	84	88	82	94	83	78	83	94	69	91	85	106	86	68	69	102	93	79	60	96	79	115	123	89	117	94	126	96	90	76	90	91	83	79	86	83	118	118	87	87	94	92	140	115	55	89	133	140	79	94	87	94	81	78	99	118	128	105	71	102	94	84	73	87	80	85	83	91	84	105	103	98	74	98	77	83	139
115	131	115	147	89	80	93	98	93	71	104	104	107	72	84	98	77	96	123	132	118	77	131	126	93	154	96	146	59	108	59	69	110	115	78	95	87	73	65	94	93	91	69	73	64	78	69	64	66	56	63	53	67	79	67	76	81	42	79	85	86	60	79	75	89	107	86	68	103	101	85	93	92	91	79	67	101	87	85	99	99	91	76	74	124	100	86	117	94	137	53	76	99	62	108	139	146	60	94	94	88	111	82	113	102	94	102	52	78	106	157	86	78	86	83	91	84	89	95	106	143	87	89	81	90	95	102	85	93	78	84	85	96	74	73	71	99	85	97	139
91	128	119	125	107	102	71	98	62	109	85	99	74	112	64	105	110	98	87	71	112	112	124	37	66	107	108	98	80	94	110	105	100	165	124	110	78	83	62	87	75	82	83	71	67	95	79	71	58	49	94	72	93	64	83	90	27	124	164	68	84	93	85	88	82	96	88	56	46	60	69	60	92	140	138	76	70	70	92	110	73	86	103	99	68	89	181	139	80	77	86	87	105	80	72	124	184	57	61	144	140	97	103	107	84	50	59	65	83	73	108	80	69	99	73	98	88	83	82	96	103	74	95	91	85	79	78	69	91	80	88	84	91	71	79	85	101	89	103	114
98	88	101	126	86	93	93	81	88	90	73	75	83	85	50	108	101	82	111	118	118	59	98	96	96	112	89	81	86	139	124	76	96	155	121	93	65	89	75	62	64	75	89	111	102	80	71	73	43	76	109	91	101	71	78	100	59	71	117	96	92	103	91	89	101	72	66	69	72	75	89	88	74	88	114	87	81	100	112	59	117	116	79	83	102	79	130	138	94	103	85	63	96	165	217	110	183	105	134	125	110	129	126	107	75	96	59	80	96	102	82	94	76	126	75	97	83	86	91	104	114	101	117	103	83	85	101	119	85	94	102	78	85	87	102	95	76	66	82	80
84	102	66	95	113	88	80	100	129	117	107	89	70	87	63	109	102	100	124	110	116	95	110	70	62	107	100	93	66	144	125	82	131	104	69	61	55	78	99	74	94	79	64	135	129	40	50	61	40	98	67	76	92	103	52	64	65	41	66	108	97	94	92	146	80	214	215	76	65	91	95	69	110	72	78	75	72	71	106	108	102	172	157	79	80	87	115	136	115	77	80	101	102	96	133	79	82	71	98	120	166	186	174	96	77	132	86	68	87	127	112	104	85	143	87	93	76	89	96	102	99	79	77	74	74	91	89	96	85	95	102	76	82	86	100	91	120	102	101	80
82	69	73	129	117	90	105	81	100	102	82	73	38	121	73	85	124	70	72	95	98	70	83	92	110	87	123	75	69	41	75	72	138	110	99	86	68	94	146	122	94	93	49	96	112	54	88	60	57	99	84	57	130	113	92	72	75	146	133	98	83	90	106	167	152	194	187	95	134	118	101	52	105	91	81	90	138	109	77	69	99	80	94	74	89	96	108	126	94	102	127	74	77	113	107	124	112	103	69	120	140	75	132	77	81	76	85	83	109	94	119	99	87	132	99	95	75	85	88	88	89	78	77	87	94	112	89	88	82	81	93	84	90	78	93	100	97	83	83	79
78	88	93	108	120	95	78	92	122	67	95	89	137	127	97	126	109	89	75	70	72	118	130	113	134	52	47	70	80	80	74	78	59	79	78	72	37	62	96	88	74	96	65	67	88	75	115	71	68	87	112	72	135	93	128	99	53	75	99	105	111	136	224	217	208	200	207	107	139	105	119	55	74	103	109	82	95	79	86	105	69	122	126	71	106	116	110	140	108	120	86	125	143	111	94	73	88	83	165	141	94	65	99	92	87	50	79	113	151	74	91	102	89	104	102	100	82	79	81	88	94	94	84	79	71	94	88	113	75	83	103	92	92	77	94	104	91	83	79	86
118	93	107	76	63	79	81	108	84	88	111	106	120	125	64	110	103	107	106	101	62	91	91	87	79	58	70	76	54	91	66	39	79	79	49	90	72	75	69	93	85	86	83	87	89	49	76	76	62	75	69	98	66	77	93	77	54	120	135	106	152	123	207	210	198	199	186	76	161	104	127	127	147	103	104	97	84	70	97	97	88	71	92	87	81	86	111	86	103	73	102	130	97	108	102	128	168	73	107	150	143	110	153	99	71	87	72	91	138	80	60	96	94	82	101	103	88	77	83	102	79	90	88	89	76	92	73	93	71	102	125	92	81	75	91	85	81	80	79	95
102	68	72	108	98	83	64	85	83	78	81	132	99	105	84	84	98	104	155	118	102	88	112	83	113	92	141	46	86	159	118	69	72	85	94	79	75	104	111	80	105	125	130	90	82	100	82	101	69	138	142	92	58	129	165	63	82	82	53	75	102	54	90	51	89	118	83	84	75	93	86	75	88	75	79	82	50	70	98	65	99	69	77	87	84	88	94	143	86	124	69	95	107	131	91	105	121	49	75	113	150	105	54	91	65	72	87	70	65	88	80	61	58	79	89	64	76	103	84	71	75	114	80	74	72	68	100	70	75	67	69	69	71	95	100	73	74	74	75	75
84	91	108	122	124	95	81	73	60	91	86	100	102	99	67	110	92	98	163	168	145	104	116	110	100	132	113	83	108	52	149	109	65	94	97	83	88	102	108	113	77	125	109	104	91	76	95	74	138	140	76	42	97	144	92	79	65	97	85	74	148	64	84	58	69	131	147	135	132	47	55	69	91	101	101	81	67	72	76	81	72	68	82	76	78	94	89	103	74	128	89	111	72	124	102	103	107	109	81	125	90	147	90	121	110	66	61	74	86	91	77	75	80	128	104	97	92	86	118	101	156	117	102	144	116	60	90	113	85	77	75	77	80	84	80	70	73	73	73	74
11	79	60	97	80	107	89	84	88	80	93	99	106	121	88	86	118	85	94	111	110	99	114	115	93	98	125	106	73	63	152	66	131	173	157	108	90	75	59	65	87	69	91	61	68	102	73	58	47	117	168	112	105	155	102	98	68	86	78	77	81	56	101	81	122	81	138	99	114	105	112	119	80	116	124	80	80	76	81	155	139	128	119	87	84	97	96	93	85	91	109	87	111	117	153	109	101	53	90	112	155	84	91	108	110	74	69	72	83	101	98	98	96	90	107	75	79	105	81	101	91	120	97	78	92	72	56	88	54	62	65	80	104	104	101	117	86	85	83	82
27	85	90	48	100	66	101	60	89	63	80	69	78	105	85	67	84	92	100	105	83	80	103	107	71	80	119	94	83	165	128	85	78	125	130	92	79	93	93	82	77	76	64	70	91	105	129	76	92	136	155	63	71	84	70	120	92	60	100	66	130	94	162	93	101	168	165	119	124	96	81	65	93	134	157	96	100	92	75	140	156	127	105	76	81	82	93	97	84	81	71	94	97	113	119	98	94	71	74	73	112	99	125	108	103	74	72	73	82	100	96	94	85	97	81	89	101	96	103	98	98	103	87	79	114	96	59	113	91	111	98	88	102	85	68	88	94	92	88	84
18	78	92	63	122	87	120	80	77	121	117	68	80	86	80	135	100	95	75	93	107	112	106	70	108	61	86	122	67	121	135	85	102	101	111	93	60	73	88	64	68	92	95	87	80	61	94	47	95	80	99	51	84	75	105	74	97	139	123	65	55	49	89	142	132	110	155	73	54	124	115	82	197	205	177	44	38	82	89	100	85	76	76	65	90	91	109	100	93	120	95	96	84	88	78	74	79	85	67	82	76	119	129	112	125	65	58	86	102	92	68	68	76	100	98	105	102	90	109	122	136	84	97	88	76	105	99	83	74	112	99	80	100	96	83	104	89	87	83	80
26	101	84	108	76	96	78	75	65	131	130	98	74	62	65	107	97	102	81	81	87	78	108	103	104	94	84	74	97	87	88	72	114	72	86	97	57	59	92	85	120	119	143	94	91	84	86	66	93	165	126	57	147	82	86	105	120	123	139	69	110	66	66	62	68	120	129	70	92	73	113	89	154	205	206	66	51	98	109	69	85	101	106	80	104	106	129	97	81	118	112	52	83	81	93	51	104	62	119	157	164	91	99	114	111	84	90	96	98	98	78	69	82	74	100	79	81	97	78	114	172	81	77	103	97	84	82	110	92	131	116	88	99	94	80	94	91	90	89	88
10	81	133	120	100	94	109	108	92	136	120	135	97	85	79	64	99	107	82	74	117	110	126	78	82	93	121	73	103	136	125	72	86	72	90	93	60	59	88	92	88	120	76	69	104	74	136	84	46	68	58	79	129	56	58	74	69	75	84	77	73	92	67	82	88	54	80	69	106	137	136	64	99	151	159	70	81	94	120	110	114	126	123	85	99	84	114	85	96	133	119	87	85	137	152	98	84	61	104	132	98	82	63	79	88	107	125	94	79	105	104	87	84	107	76	92	100	82	103	89	89	107	84	57	84	96	77	92	97	124	116	98	103	93	80	94	91	92	93	94
9	105	186	176	110	102	91	89	81	147	75	96	105	89	64	70	78	121	104	60	102	109	138	69	66	155	126	82	100	125	111	76	94	133	149	116	81	79	86	79	82	106	103	67	100	79	101	81	75	117	110	106	107	101	90	54	57	98	100	83	136	123	54	95	77	93	56	86	103	148	139	66	96	100	86	70	129	83	80	94	95	96	101	87	104	67	103	94	81	84	132	59	69	65	151	92	94	75	109	119	87	123	96	97	108	102	108	89	79	97	95	89	82	99	121	107	101	100	87	103	68	82	87	95	101	86	82	98	95	109	105	101	102	82	70	87	81	82	83	84
32	139	212	197	159	89	93	80	114	112	98	86	105	102	74	92	100	89	100	86	116	96	134	118	104	84	82	76	117	131	85	106	107	109	84	73	86	91	69	55	89	84	93	97	77	82	96	78	104	81	94	52	98	106	116	68	83	106	127	86	125	101	76	48	78	56	113	75	72	120	170	131	118	90	99	77	118	96	108	81	84	66	115	112	162	95	118	76	79	100	67	84	63	136	90	68	63	87	76	77	85	97	114	91	127	101	72	135	90	109	76	87	92	100	94	76	67	76	88	92	107	86	85	76	74	89	97	113	117	80	112	63	111	109	78	87	75	77	89	78
19	120	205	184	107	80	108	68	120	108	90	82	83	83	60	82	66	114	82	76	83	78	74	115	77	85	90	61	89	120	91	105	98	91	86	69	80	120	109	67	81	127	117	86	66	88	96	82	79	71	88	120	115	138	102	97	86	109	110	136	119	90	103	93	119	82	91	82	106	183	186	119	103	166	127	44	112	87	75	120	83	82	94	114	147	78	111	87	84	114	65	118	108	115	89	36	64	53	67	89	79	116	155	99	94	72	69	120	107	123	110	111	130	102	82	82	81	76	90	113	106	101	95	89	96	76	49	76	91	95	102	117	120	72	102	86	100	94	96	80
17	130	187	192	137	84	64	81	89	74	67	82	73	84	73	101	106	82	81	75	76	76	103	66	102	99	101	74	73	73	52	83	99	70	84	70	81	131	126	84	78	100	69	87	94	87	70	85	89	78	103	66	99	117	118	80	88	70	93	97	55	58	90	121	133	105	127	51	79	80	110	58	79	134	167	66	84	64	98	72	88	104	98	51	88	79	65	98	85	75	83	56	52	103	68	70	62	76	80	80	69	77	100	88	107	103	120	123	92	76	79	75	103	98	91	89	95	98	90	79	119	113	86	76	107	95	82	144	76	137	82	77	110	99	113	78	104	94	93	77
20	156	159	120	96	114	79	88	90	72	75	98	73	79	66	92	93	114	110	76	101	69	87	89	88	91	96	77	77	79	64	81	111	72	87	76	93	111	104	105	80	115	73	75	79	101	85	56	79	69	61	82	88	83	97	86	84	114	111	114	111	58	135	102	188	146	148	73	119	90	117	76	86	150	158	87	77	101	117	97	95	118	122	123	120	88	120	67	107	102	83	57	65	76	101	97	59	72	74	75	70	57	66	89	60	71	100	101	85	86	103	97	95	98	88	72	75	92	94	82	88	92	89	89	113	99	74	112	127	80	70	95	93	115	102	91	94	87	91	78
34	67	78	108	77	99	78	90	93	75	82	99	77	78	72	99	98	137	107	115	90	86	68	88	80	118	124	88	103	150	134	90	111	101	102	78	111	99	92	127	131	157	126	114	78	90	107	65	94	150	127	79	93	101	166	85	68	73	104	71	113	107	109	112	132	106	73	83	94	99	89	84	96	122	179	84	132	94	145	106	115	103	126	72	125	108	82	112	150	109	87	52	64	50	79	91	103	47	67	99	76	72	86	74	74	65	68	77	81	106	104	73	102	91	89	95	89	76	81	100	92	84	86	75	74	79	71	80	68	115	123	85	96	142	79	95	95	94	102	89
0	59	78	88	83	133	87	62	80	65	75	77	83	86	97	129	135	124	117	141	100	92	91	71	100	125	124	103	125	167	146	85	103	128	114	77	125	106	113	141	146	150	143	161	133	102	124	77	131	123	108	56	139	88	177	85	134	142	79	68	81	68	68	64	67	72	81	102	100	79	97	113	81	85	169	88	151	76	136	100	85	140	124	77	148	113	100	77	140	114	150	52	49	81	81	110	110	66	80	99	83	71	67	70	71	63	68	72	78	103	109	80	88	97	109	111	100	86	82	86	79	80	102	99	91	96	79	66	80	83	104	133	96	90	86	97	96	97	108	95
27	63	72	92	103	115	76	117	98	86	93	65	88	75	86	114	100	143	141	126	132	70	74	122	84	80	76	89	115	136	124	82	108	124	102	85	134	105	136	139	104	159	160	142	152	133	145	57	88	118	111	102	156	196	200	97	106	91	100	55	59	103	64	68	71	59	95	94	147	107	151	123	83	129	89	82	108	118	100	162	132	80	131	90	64	114	128	74	77	110	122	74	74	69	93	66	68	74	87	81	85	81	65	90	83	82	109	80	75	63	92	74	97	108	103	83	80	96	102	92	106	98	88	68	73	80	74	95	72	115	88	83	90	88	88	89	92	90	97	85
7	30	92	115	83	109	103	104	105	99	107	63	99	71	76	97	95	106	96	144	99	90	88	117	92	96	87	86	106	136	130	77	125	104	78	97	140	92	140	130	122	177	167	140	156	91	116	84	98	96	137	97	140	148	158	113	126	113	139	42	44	95	113	72	69	63	76	76	101	86	117	76	100	52	83	76	101	104	158	132	141	115	106	135	155	132	107	160	176	89	97	78	106	100	63	85	86	65	98	91	73	102	98	67	84	75	118	73	87	56	98	73	96	85	86	102	110	103	95	94	70	82	76	74	106	96	71	113	93	90	91	93	87	79	80	97	95	86	86	71
27	27	72	73	113	129	111	96	125	121	137	102	90	70	75	110	78	83	104	81	84	79	45	88	87	71	83	73	89	77	72	83	78	80	91	85	109	100	114	124	115	143	136	126	124	108	128	75	109	118	97	75	158	192	204	72	118	90	98	69	89	76	106	99	139	125	115	66	83	63	82	83	121	91	97	114	107	79	84	98	90	102	142	120	97	100	149	147	134	82	93	119	130	77	60	86	101	93	89	89	82	74	81	96	91	66	79	87	73	84	95	84	104	86	96	92	82	99	95	84	97	107	77	101	88	79	87	107	85	100	85	115	103	80	111	73	86	88	86	82
49	37	49	83	104	83	83	87	114	142	141	87	109	85	59	116	74	107	115	86	82	89	76	73	100	63	70	47	82	102	118	98	108	99	90	90	116	114	113	117	134	149	122	116	122	128	134	72	127	84	100	129	130	135	175	109	102	94	60	91	74	109	104	103	123	110	126	87	100	85	69	80	76	127	173	82	71	71	134	115	104	98	105	76	84	129	175	150	122	92	74	87	95	55	80	96	93	105	110	96	74	64	68	76	76	95	77	89	75	79	121	74	103	73	93	87	105	102	93	67	97	102	69	89	94	99	93	88	94	83	85	95	91	94	97	79	90	91	87	81
23	10	2	89	138	128	119	99	93	78	111	93	94	71	61	111	61	82	77	76	87	109	115	75	89	90	129	88	83	85	99	69	62	99	97	84	93	115	103	96	94	90	75	101	118	115	118	77	88	70	125	136	121	114	147	101	100	126	105	101	82	109	132	113	102	103	92	87	91	136	174	78	100	86	62	76	75	112	102	86	104	123	132	87	81	128	164	131	92	137	110	72	73	75	114	63	90	101	98	76	61	66	74	75	104	103	72	91	104	116	133	68	105	76	106	86	108	90	105	101	92	102	73	72	75	91	100	104	101	74	99	82	77	101	84	96	101	101	95	86
4	32	37	82	89	101	97	85	97	90	136	101	78	75	72	79	71	63	75	79	56	57	77	73	68	72	83	58	67	79	70	57	87	71	52	95	102	82	76	139	115	78	84	119	135	84	101	104	118	116	133	83	116	118	139	124	139	114	93	108	121	95	124	112	70	110	116	81	135	198	135	81	102	114	117	66	60	84	127	120	104	139	147	94	68	104	138	121	105	117	103	97	98	68	90	70	90	84	74	71	81	92	86	73	96	84	113	110	97	104	97	105	103	77	98	82	97	80	94	106	90	95	79	73	78	88	98	110	109	93	119	93	79	97	86	115	105	104	98	90
12	6	0	14	52	132	133	131	128	123	140	142	151	90	74	139	130	73	89	87	74	93	91	96	90	103	90	92	105	107	75	109	86	105	79	96	129	150	115	116	132	79	98	113	143	79	114	130	139	104	78	72	85	87	83	108	73	85	68	83	71	83	93	76	58	77	41	67	73	75	118	77	78	100	102	57	56	87	98	56	69	98	106	87	80	108	111	86	102	81	79	67	77	65	72	76	79	70	76	100	118	111	86	67	97	72	93	90	96	109	80	82	112	87	89	98	116	112	87	87	102	88	85	95	117	106	84	81	112	113	114	100	92	91	93	107	98	96	93	90
20	17	29	13	19	79	111	161	125	96	110	160	166	89	106	156	131	84	105	90	98	155	150	143	99	98	85	91	82	45	10	68	79	96	86	116	162	161	130	148	149	116	143	143	184	148	164	147	136	100	63	125	65	103	93	107	81	79	90	75	92	105	108	76	78	93	82	76	120	109	82	101	78	82	76	125	87	100	75	89	62	85	83	77	73	98	91	76	91	87	89	44	59	82	79	58	70	68	81	103	110	97	87	87	68	110	116	99	78	76	97	95	102	95	95	104	117	122	101	113	118	99	106	105	119	97	76	84	102	110	86	88	94	83	87	82	99	94	91	94
18	6	6	0	23	52	82	101	99	106	107	121	104	86	132	68	74	93	125	90	65	106	132	138	134	48	24	29	53	20	9	27	65	115	101	68	119	157	171	188	166	146	155	155	165	153	136	108	179	168	105	135	84	147	173	172	190	72	74	99	166	139	123	133	166	125	86	93	94	81	140	70	96	80	85	77	91	95	117	111	92	117	95	68	50	89	106	120	121	89	80	91	104	70	77	83	84	87	89	86	79	77	87	99	104	119	101	84	89	101	106	91	83	93	108	89	100	95	98	123	122	110	120	91	95	81	79	101	86	102	84	84	91	79	83	88	109	98	91	94
9	28	22	7	21	25	78	77	102	103	64	113	139	70	101	84	76	89	83	75	80	108	125	97	123	18	46	51	70	16	34	19	78	102	100	99	167	163	160	185	188	162	144	156	135	145	129	135	161	171	101	89	112	116	147	149	124	87	80	78	56	123	109	155	170	87	87	108	99	65	126	87	70	86	89	119	86	102	85	87	59	111	115	107	96	130	124	118	122	109	80	97	112	76	110	103	108	115	109	88	74	75	78	77	121	93	106	74	77	100	74	110	105	112	136	100	128	102	95	96	116	102	109	75	94	95	84	86	81	107	111	99	94	85	91	120	116	100	87	87
16	18	23	4	20	6	18	25	64	103	103	95	88	89	97	94	90	86	104	98	97	84	101	103	120	94	85	116	102	113	109	107	109	134	143	103	143	180	188	183	186	167	155	169	163	171	180	114	131	137	126	80	90	78	120	78	118	87	107	115	140	87	97	105	89	86	118	136	113	129	102	102	71	100	102	109	108	96	109	94	102	119	89	100	92	124	179	63	76	92	69	81	110	114	121	96	96	106	113	109	100	110	105	85	151	142	144	148	68	121	129	82	85	104	93	89	78	93	89	101	101	102	95	80	75	85	98	105	82	97	93	101	102	123	103	83	93	78	108	104
12	13	20	14	37	22	16	9	61	96	138	88	81	82	90	104	75	110	121	83	92	96	95	71	96	84	83	92	80	91	91	80	90	73	93	104	171	177	176	186	194	159	155	156	170	159	163	114	107	134	97	73	75	101	139	94	125	119	152	131	133	88	92	97	86	130	138	122	197	88	101	101	75	88	97	111	94	81	103	96	123	95	107	99	110	103	180	30	28	86	67	80	96	102	109	82	123	125	114	86	90	97	97	79	166	173	209	205	119	108	113	84	116	100	78	100	102	97	80	98	109	115	115	104	93	89	87	84	86	94	82	85	83	109	97	84	128	112	110	99
14	20	20	3	9	4	22	41	84	153	154	112	110	68	127	97	127	56	42	33	31	44	66	22	26	34	42	24	22	35	41	14	105	111	153	137	168	146	151	160	171	161	154	84	108	134	157	126	143	148	101	169	164	154	171	168	164	163	185	122	109	110	144	175	171	175	157	133	135	119	113	158	136	105	138	174	121	120	165	145	143	165	170	164	122	186	116	35	7	121	109	119	100	104	128	123	73	112	133	93	100	83	88	83	82	129	181	148	107	112	121	68	70	94	92	94	80	90	92	113	107	111	109	99	88	84	84	84	97	100	83	83	76	97	87	78	71	80	74	85
14	15	9	6	19	18	14	16	67	138	124	106	122	96	154	106	103	80	84	97	112	70	71	99	77	46	59	76	89	54	62	77	98	96	133	113	162	162	167	150	153	167	167	103	131	172	159	133	122	162	115	165	163	167	178	151	160	167	198	140	119	117	129	152	177	159	176	129	114	128	124	139	138	132	125	148	135	123	120	140	105	185	150	158	134	186	155	12	73	149	87	108	107	116	111	81	82	125	140	77	86	59	76	85	88	75	88	96	102	98	98	78	81	97	79	76	82	112	101	93	95	98	98	92	84	80	82	85	82	90	84	96	94	112	103	98	113	125	90	87
9	20	18	16	15	14	13	26	48	72	110	75	83	116	91	94	119	115	171	183	160	149	161	118	141	174	181	136	158	186	190	144	125	98	118	105	141	140	154	152	174	164	150	152	172	191	139	144	101	133	81	84	94	99	128	107	118	119	150	130	118	98	84	92	97	140	118	113	127	96	103	90	111	81	92	126	97	119	121	104	73	60	98	103	71	171	174	11	36	105	68	103	90	98	117	128	98	120	123	75	105	83	84	78	105	125	109	82	88	142	136	87	135	119	88	98	97	98	79	88	94	101	109	109	99	86	78	75	96	102	97	108	98	106	92	89	96	115	89	90
11	20	11	17	20	34	36	52	47	75	106	92	81	90	67	80	99	123	124	119	180	193	184	176	181	169	164	171	189	174	169	180	158	147	148	101	91	112	130	126	142	157	139	148	131	144	107	126	119	119	83	73	98	79	104	112	120	101	98	109	112	90	89	97	90	109	106	104	107	99	97	92	117	106	115	128	94	141	130	98	87	106	103	144	106	116	181	58	109	119	83	112	102	99	95	93	85	103	118	98	123	103	97	88	85	90	94	98	76	85	90	93	112	125	108	99	80	86	81	96	105	107	108	106	97	88	87	92	111	110	98	104	86	86	72	74	65	87	96	111
19	16	4	39	67	79	34	8	18	68	74	108	117	73	108	100	91	84	96	93	94	62	75	99	83	85	69	74	80	78	68	86	108	92	69	37	47	123	129	95	79	135	138	138	109	112	93	80	92	122	112	75	109	128	119	98	124	113	94	132	135	93	89	78	106	115	177	80	125	114	109	84	103	207	145	81	116	138	50	96	140	144	188	128	160	119	150	141	113	110	117	119	84	79	93	111	115	112	109	93	88	79	90	99	94	122	146	105	82	94	112	77	84	108	89	76	77	110	98	84	113	106	99	92	86	86	98	112	79	81	76	93	83	89	84	94	109	96	97	86
21	53	60	68	38	27	7	21	8	23	62	83	118	69	87	90	93	93	75	66	99	66	71	126	77	90	70	75	71	78	67	91	71	43	24	24	10	65	76	85	92	97	77	92	99	90	93	72	82	82	82	86	123	128	95	111	88	90	66	121	130	89	97	80	87	232	152	60	94	128	92	90	96	180	166	108	87	151	110	112	129	125	99	99	85	150	156	172	139	101	112	100	81	94	104	105	102	83	78	91	92	92	88	83	92	80	110	78	88	85	116	75	81	107	107	107	82	81	81	108	111	106	103	100	92	86	93	104	74	78	77	96	84	84	75	84	102	81	107	107
63	41	21	16	16	13	10	10	17	15	18	36	68	93	95	85	98	97	109	69	88	106	61	82	83	72	79	83	87	79	70	97	74	29	12	20	19	31	63	82	94	95	103	99	119	131	149	99	88	99	55	56	70	88	73	57	58	69	82	94	88	82	100	97	111	68	97	79	81	78	88	72	73	77	83	88	55	95	95	57	52	85	68	59	75	116	103	92	96	105	88	62	75	65	87	53	74	78	80	95	81	88	68	97	90	74	82	83	109	122	103	114	103	111	89	110	87	112	87	85	86	85	79	94	90	68	86	95	111	107	81	93	94	91	97	153	100	104	119	109
24	21	18	15	13	11	14	18	9	9	15	34	65	98	124	139	147	142	144	129	127	130	96	120	104	85	86	84	91	102	97	104	68	39	28	34	35	42	70	97	95	101	98	92	113	148	170	125	96	98	85	94	88	90	63	61	103	89	88	107	99	93	107	150	140	105	84	84	71	92	114	113	119	93	115	112	148	100	94	77	104	121	110	105	84	87	74	81	111	120	92	74	55	82	107	112	69	82	104	77	82	93	86	68	76	79	81	87	79	100	76	93	91	82	94	83	106	95	107	99	89	90	101	91	57	81	67	83	79	71	71	101	90	92	92	110	87	91	107	101
9	13	14	11	10	13	16	18	21	15	12	16	26	49	87	122	162	168	154	168	161	180	156	149	164	110	73	36	19	35	32	20	30	22	14	17	20	19	37	71	81	114	114	115	121	155	147	87	118	115	101	88	60	73	61	54	46	82	90	75	71	121	104	124	122	112	91	82	95	135	139	100	105	86	93	71	68	82	101	60	112	168	176	140	101	136	138	113	78	97	95	119	81	121	95	100	92	85	136	99	106	82	101	83	80	96	93	112	92	128	103	114	101	94	93	97	97	92	94	100	97	85	87	136	95	100	86	106	102	81	82	104	79	94	101	95	97	94	102	89
23	21	14	8	10	17	16	9	21	13	11	13	14	27	67	108	88	150	152	168	130	162	167	149	171	98	58	25	4	21	23	10	15	20	13	11	18	9	14	44	75	123	117	115	115	164	161	115	152	108	65	92	65	48	62	68	49	73	87	100	102	139	89	131	159	132	83	138	147	82	101	97	82	106	96	86	114	97	87	119	72	140	159	120	88	154	168	122	99	82	74	104	79	130	90	91	95	68	116	85	92	67	90	67	85	91	80	93	78	108	82	67	110	104	99	111	100	93	89	102	118	107	61	146	116	75	98	84	123	112	99	103	80	101	110	109	96	91	97	86
19	20	17	13	12	14	13	9	16	10	11	16	16	20	44	74	81	134	129	165	141	164	157	122	81	17	8	16	10	18	17	13	18	25	17	15	24	16	11	29	29	87	86	86	85	127	126	96	132	130	69	96	90	97	116	57	57	69	68	71	74	114	62	98	131	113	101	77	39	142	87	174	162	125	140	71	77	45	89	57	64	70	77	87	63	83	90	85	142	89	73	84	73	113	98	101	105	92	114	76	80	105	111	61	100	99	98	101	97	109	106	77	95	79	109	93	124	84	109	109	126	140	95	124	110	86	132	98	85	110	99	99	94	106	99	116	112	103	108	98
2	9	18	21	15	8	11	19	18	13	13	15	12	6	11	21	93	111	107	169	172	160	139	126	74	16	9	22	20	17	12	20	12	15	11	12	18	16	12	16	24	79	87	92	99	116	114	94	125	146	84	97	105	127	135	60	69	95	89	67	69	120	84	81	77	107	78	88	152	57	96	53	80	123	132	87	139	148	128	75	98	79	73	99	78	68	67	90	139	91	94	106	90	94	99	97	87	89	109	87	64	80	87	81	86	91	102	106	97	99	122	101	87	83	97	97	105	88	94	96	76	88	101	88	81	76	85	97	68	106	98	96	94	99	89	116	115	103	106	97
29	16	12	19	19	10	10	19	12	13	15	18	20	21	21	21	26	59	92	143	139	98	93	136	86	36	13	8	13	15	10	25	17	15	18	20	16	21	24	18	18	42	35	35	66	81	108	116	134	94	59	104	111	89	76	101	89	78	77	94	90	82	72	87	100	180	81	124	145	164	154	106	116	84	80	122	112	149	143	116	101	124	120	114	90	93	93	113	125	88	90	118	92	80	103	100	90	93	121	114	88	68	76	110	118	117	110	124	91	90	109	92	87	100	83	109	80	101	79	89	93	110	115	98	87	88	62	97	84	104	101	101	81	88	88	107	87	77	86	86
81	36	4	10	23	18	10	10	13	15	15	12	13	17	16	10	15	25	44	87	130	107	77	93	90	55	28	11	21	25	8	16	18	12	21	21	8	15	25	14	17	26	19	19	58	51	72	78	67	69	77	68	73	100	63	89	92	97	90	76	62	63	78	65	71	83	88	54	116	85	78	98	102	81	82	65	77	94	107	69	71	121	121	98	63	63	65	95	97	76	81	143	112	92	100	80	78	85	103	79	90	83	71	65	125	114	86	124	84	99	104	85	76	83	87	90	96	105	108	105	99	157	97	74	74	122	113	114	81	84	98	113	75	82	89	87	102	89	95	93
117	21	18	11	20	5	21	9	15	15	15	16	16	17	17	17	18	21	25	94	85	141	115	134	133	101	79	39	26	18	29	12	19	15	13	15	14	12	15	21	17	14	19	28	22	12	30	65	71	69	71	61	92	86	89	79	102	95	86	136	102	115	73	100	114	114	76	112	136	160	118	134	125	115	95	149	164	123	72	64	75	93	139	124	120	39	52	92	90	83	85	99	104	90	68	56	49	104	86	91	73	110	97	82	83	84	98	65	102	100	105	63	100	92	80	92	110	85	92	72	101	105	97	93	100	87	116	85	102	90	94	76	84	94	85	106	117	82	63	80
123	43	5	23	12	28	13	15	15	15	15	16	16	17	17	17	23	16	3	49	69	140	131	155	155	94	87	73	34	0	13	16	18	17	17	18	18	17	16	17	16	28	21	13	18	12	26	68	98	77	58	79	81	95	95	138	119	115	70	178	131	127	75	76	100	145	142	90	83	146	117	128	95	98	108	104	147	120	120	84	119	85	68	98	80	44	47	107	77	68	77	99	103	90	91	106	42	82	76	83	96	123	119	96	104	91	99	75	105	94	106	87	84	99	68	93	66	84	98	117	89	106	95	102	91	102	123	84	95	95	93	96	86	107	89	111	97	102	108	98
136	125	131	29	15	0	22	15	15	15	16	16	16	16	17	17	5	23	20	20	24	71	100	164	177	131	123	99	87	89	86	19	16	16	15	14	16	18	18	15	17	30	13	6	29	30	28	54	64	58	81	122	121	117	87	129	54	140	83	159	59	100	107	92	102	117	146	102	104	143	90	106	132	127	113	128	102	86	94	101	123	146	139	131	75	76	58	55	101	85	89	107	99	70	65	84	91	92	79	85	98	87	102	112	95	76	86	79	102	81	98	101	86	95	109	82	92	69	112	115	100	92	85	140	111	102	113	100	81	92	85	102	74	103	81	102	80	72	90	103
106	134	123	49	17	25	17	19	16	16	16	16	16	16	16	16	18	20	11	0	18	35	53	114	164	184	171	83	57	83	85	13	17	17	15	12	14	18	19	17	19	20	16	16	18	12	12	23	87	62	80	62	89	97	111	152	92	128	70	168	87	92	75	55	61	38	78	99	137	141	89	109	90	121	101	108	64	107	101	69	100	116	136	115	72	66	83	82	91	72	67	80	82	71	77	95	98	115	88	74	82	101	109	95	82	71	87	89	102	78	88	94	84	103	101	104	89	97	92	89	104	85	87	146	120	93	108	97	93	102	97	109	80	102	94	104	100	89	100	130
136	130	124	107	90	42	0	18	16	16	16	16	16	16	16	16	17	13	14	8	24	15	27	91	79	147	189	165	166	136	90	36	19	19	19	20	18	16	16	18	31	14	27	35	13	19	54	70	58	42	65	61	92	89	92	116	83	87	78	147	104	99	87	103	99	93	100	100	108	101	79	77	90	53	60	111	129	101	100	81	101	140	142	87	79	145	165	108	81	82	85	84	77	69	70	77	114	105	70	112	109	102	74	76	94	94	107	102	106	90	92	91	78	91	93	98	90	104	88	82	87	95	98	100	94	89	121	80	96	98	100	98	81	89	105	101	103	148	137	106
96	82	118	94	128	56	28	19	17	17	16	16	16	16	15	15	10	13	27	21	14	0	13	76	80	121	157	160	184	147	95	50	21	16	18	23	19	11	18	33	76	32	15	14	10	37	72	72	64	39	10	42	48	56	64	109	127	101	90	97	104	115	87	93	103	103	94	97	95	105	100	94	82	94	81	101	85	99	99	87	125	118	101	123	102	115	98	97	90	94	88	69	57	72	105	133	109	104	79	136	105	75	54	94	98	101	103	96	98	99	102	99	100	101	141	119	138	114	112	100	92	100	91	77	88	79	119	96	84	84	88	86	75	79	106	89	110	171	155	95
150	146	122	113	115	129	61	18	17	17	17	16	16	15	15	15	29	12	8	11	15	25	12	22	9	54	137	168	177	166	152	102	40	21	13	19	18	19	50	91	164	141	88	52	66	86	78	62	72	56	0	23	22	25	55	87	77	73	106	138	135	89	75	154	127	97	82	88	77	102	68	69	75	95	61	118	60	67	59	116	95	121	113	97	80	95	96	102	85	100	122	132	119	94	77	72	61	111	102	97	78	98	104	105	102	97	91	89	93	99	100	99	77	84	91	113	86	101	60	72	99	106	81	91	101	77	97	108	86	92	91	107	83	95	113	87	90	100	105	95
155	146	158	107	114	102	106	98	17	17	17	16	16	15	15	15	12	16	25	22	4	27	15	13	27	3	80	146	165	174	177	107	67	34	14	17	21	36	93	159	114	163	126	69	88	95	71	73	83	83	28	7	24	10	70	65	64	83	79	86	101	89	73	118	145	118	112	85	58	127	83	90	77	108	97	114	106	92	72	76	76	100	127	91	115	84	101	106	105	86	82	104	120	116	112	116	106	83	70	108	128	91	81	90	122	108	97	102	101	97	89	89	122	90	97	84	102	103	95	102	78	122	88	98	98	92	85	86	79	94	84	120	79	100	102	72	114	81	96	114
110	76	37	63	68	57	95	125	90	16	23	21	22	16	17	15	16	16	16	16	16	16	16	16	20	26	15	28	61	165	190	157	93	19	17	30	28	5	104	123	127	91	79	100	113	91	68	60	81	83	28	14	17	50	98	45	24	98	81	83	76	90	76	141	126	95	103	94	87	104	85	56	72	70	78	98	69	86	84	68	71	110	105	82	92	97	96	113	103	143	105	100	112	139	130	131	113	129	115	81	71	66	68	115	114	87	87	145	128	92	114	86	87	91	86	87	105	110	99	90	69	101	92	90	90	79	83	93	98	90	100	95	101	100	83	90	92	101	96	87
65	35	35	49	66	100	125	76	112	40	29	8	8	10	17	10	16	16	16	16	16	16	16	16	15	21	12	19	37	123	162	156	92	21	20	0	13	39	105	99	120	99	93	115	98	73	74	107	101	90	59	40	59	105	98	20	22	99	109	81	42	81	91	159	169	85	110	129	163	145	50	90	79	94	71	89	83	121	69	78	90	78	90	91	67	71	92	90	93	86	92	100	141	158	168	111	108	106	118	77	89	95	68	100	100	101	105	139	119	98	128	109	92	98	97	72	75	87	104	98	87	83	74	75	110	86	93	92	114	87	82	108	94	105	114	85	90	99	96	90
70	137	125	25	31	26	57	127	113	66	59	27	14	10	23	20	16	16	16	16	16	16	16	16	18	22	17	17	13	59	96	113	95	32	64	56	74	84	98	94	150	131	110	125	82	69	90	158	147	110	64	114	78	0	21	18	18	5	29	84	76	79	49	78	79	164	144	102	114	105	89	92	139	71	74	111	110	181	149	66	64	80	78	74	88	94	97	111	103	97	89	130	218	200	183	176	105	86	118	74	118	137	97	107	91	114	113	118	99	89	111	92	79	87	109	86	89	103	130	106	118	100	98	88	119	74	99	107	99	87	99	147	84	89	117	73	82	87	76	61
116	123	142	66	51	14	37	96	88	81	101	78	46	12	19	21	17	17	17	17	17	17	17	17	17	18	21	23	11	15	33	53	64	41	77	76	83	83	106	121	131	116	85	104	64	71	81	134	151	110	121	114	73	38	13	21	28	30	44	79	56	82	93	74	85	141	141	71	91	124	84	103	121	107	119	102	136	132	136	74	60	106	93	68	98	115	99	99	83	110	73	119	173	166	133	170	108	84	101	55	107	119	95	78	80	103	95	87	75	68	78	62	96	84	110	100	105	107	122	83	106	96	97	89	102	63	92	103	96	95	121	162	85	99	114	98	117	124	116	106
126	76	86	73	109	56	23	35	63	78	113	111	84	26	16	8	17	17	17	17	17	17	17	17	13	10	16	23	25	9	11	24	24	73	94	74	68	70	99	81	95	100	84	110	87	108	97	113	93	105	101	139	103	37	42	6	2	28	33	69	46	76	143	118	79	73	78	70	94	102	61	69	73	92	96	82	111	79	116	56	74	80	88	79	78	112	124	92	90	105	89	102	86	103	108	100	84	78	77	54	103	102	114	81	88	100	96	87	74	72	90	96	104	72	83	84	84	83	103	85	82	82	80	97	103	92	98	89	97	84	100	112	75	117	100	130	101	111	108	103
116	102	91	73	107	52	15	36	43	63	89	103	110	67	46	14	18	18	18	18	18	18	18	18	20	15	16	15	32	14	11	17	11	71	80	84	89	76	90	71	72	83	74	87	76	100	91	94	89	115	164	126	95	113	71	24	25	15	3	56	56	45	71	40	64	96	83	100	93	75	99	75	94	81	64	90	83	95	123	51	85	76	69	77	96	113	126	135	118	103	98	96	102	70	94	101	67	79	75	76	108	101	131	100	73	74	79	69	46	50	83	103	100	79	81	94	78	73	84	90	81	92	100	120	103	88	87	73	83	83	109	94	74	109	79	141	103	112	108	100
132	81	101	121	83	69	80	14	21	54	68	76	108	96	80	27	18	18	18	18	18	18	18	18	23	25	23	8	30	14	12	14	11	34	33	44	69	79	94	123	102	99	91	99	102	115	111	109	108	77	66	104	116	104	93	55	14	22	23	13	29	67	85	82	96	64	81	79	85	84	56	88	116	144	103	72	87	89	66	102	100	107	78	78	117	113	104	143	109	97	80	77	94	52	74	108	85	89	90	87	87	82	98	86	95	83	96	91	70	87	111	109	107	107	97	118	93	91	66	68	84	80	94	103	85	52	72	70	78	95	133	114	88	94	81	134	101	111	107	102
153	114	87	102	77	68	78	29	7	58	66	56	88	92	83	20	18	18	18	18	18	18	18	18	8	22	26	3	27	14	15	16	20	56	66	35	50	83	67	88	99	87	92	116	140	136	118	103	86	86	105	88	82	113	105	76	77	23	23	4	27	41	21	78	81	117	94	90	97	77	81	81	131	89	94	40	69	95	84	112	83	78	82	90	100	120	133	126	116	124	116	97	33	77	120	91	92	82	97	92	83	100	106	121	83	60	79	86	83	114	118	78	78	89	68	105	103	130	92	87	98	52	59	70	94	64	105	103	73	73	93	85	70	71	84	105	84	91	84	75
175	82	83	81	62	72	62	74	28	10	31	53	73	132	123	141	120	26	10	30	6	30	22	9	18	28	18	13	23	17	9	22	10	67	40	9	20	51	52	88	99	54	76	123	136	91	100	90	90	83	113	97	87	123	123	107	123	50	20	15	22	22	18	57	54	126	90	118	93	57	85	108	112	139	130	91	82	175	132	111	131	112	79	89	93	95	127	95	120	103	115	86	66	83	83	89	113	119	84	80	103	85	77	104	98	90	104	83	82	86	105	80	84	79	83	77	94	96	121	103	97	108	107	83	78	82	79	95	102	103	78	75	69	100	93	89	80	87	89	94
160	82	69	66	59	72	74	85	90	37	31	69	57	95	117	98	129	76	36	25	17	7	21	19	11	16	15	20	24	13	22	58	28	50	19	8	17	35	35	72	88	85	71	97	118	97	99	89	154	130	94	79	119	153	149	154	86	74	70	38	17	19	13	27	84	79	87	130	78	95	76	138	135	116	87	66	64	175	182	166	172	106	70	105	129	148	130	109	123	115	122	100	101	50	49	93	105	130	94	115	116	136	89	79	97	93	107	103	97	98	107	90	105	71	75	98	118	108	103	102	69	117	111	86	91	92	86	93	76	107	106	95	78	77	94	112	86	89	85	86
113	77	71	85	88	83	74	67	107	82	15	47	71	80	96	106	92	117	104	2	26	37	0	23	16	17	18	23	20	7	26	71	48	34	7	21	19	18	10	38	43	120	111	102	91	68	85	89	89	142	131	126	148	123	120	169	162	134	92	34	15	31	26	20	28	77	63	109	106	85	86	73	80	84	97	116	96	170	198	181	182	138	131	131	106	124	106	137	126	141	117	84	132	82	84	118	94	111	97	111	94	117	88	80	84	84	88	94	83	92	91	83	102	113	123	100	103	153	146	141	79	121	94	81	89	77	89	102	123	115	64	57	81	79	91	88	102	101	87	77
106	91	72	79	83	76	81	78	84	89	10	22	68	80	89	130	95	147	112	57	30	16	25	13	19	22	19	15	16	23	36	51	40	18	7	38	27	19	5	17	30	95	87	82	99	90	114	81	79	139	121	123	147	118	117	150	169	160	143	102	55	23	15	26	19	25	61	57	77	130	88	93	87	83	68	96	108	158	161	122	129	109	112	100	103	133	117	121	112	134	95	77	111	72	73	89	108	81	98	95	97	86	94	94	92	98	83	84	74	104	99	91	100	89	96	85	77	112	90	124	97	95	69	101	101	67	94	101	156	158	94	85	81	74	94	113	124	123	107	93
105	97	82	85	82	73	80	80	81	70	36	31	32	71	94	115	180	91	119	121	7	18	8	34	11	20	16	6	23	56	57	28	17	8	11	38	25	29	21	21	14	33	48	62	102	111	159	112	115	147	127	129	144	138	147	142	141	150	154	143	98	43	20	19	39	0	22	81	47	98	117	75	69	105	82	66	64	80	83	88	92	88	92	98	136	145	131	104	89	100	92	135	109	64	69	102	104	57	83	84	105	98	90	68	88	105	84	75	75	116	107	91	97	81	84	89	105	139	94	112	105	82	91	158	146	108	127	94	101	131	100	107	72	65	75	106	102	107	98	88
115	95	96	98	87	78	74	70	78	89	55	35	37	70	79	108	138	102	62	114	40	26	15	21	16	19	21	19	36	66	57	11	15	20	19	29	12	27	24	21	5	4	45	73	94	104	140	114	111	146	161	155	136	131	144	141	153	162	145	126	105	81	57	21	6	36	29	14	94	61	105	64	78	96	66	51	86	97	63	62	77	80	81	90	97	82	81	95	69	66	67	115	73	79	85	98	84	70	90	86	75	104	82	67	73	100	92	79	87	112	99	81	78	92	90	68	89	129	105	110	101	85	107	154	131	113	126	78	88	88	81	96	87	107	100	103	79	87	79	69
175	110	100	85	66	78	79	85	67	102	37	33	58	63	69	103	74	73	63	67	66	109	33	21	28	15	28	48	46	41	32	12	20	34	26	26	10	24	16	15	29	9	14	56	78	117	97	98	146	140	136	123	125	132	127	136	125	167	163	137	104	82	72	34	19	27	16	24	45	17	233	63	83	85	91	76	89	96	82	116	105	95	80	99	98	131	90	123	116	97	84	85	67	108	104	93	95	95	124	96	72	93	86	102	97	121	127	113	121	111	100	96	126	112	97	89	95	64	73	129	84	78	86	93	76	69	85	91	87	60	94	65	66	88	106	107	107	112	96	77
202	116	115	101	78	90	72	69	70	71	9	48	43	40	87	71	93	43	58	89	72	135	123	26	29	1	26	70	53	14	12	28	12	31	25	29	22	32	18	20	15	21	1	30	26	99	83	162	155	142	136	123	139	135	108	140	127	143	119	108	102	92	80	35	25	17	26	28	8	69	94	82	96	62	97	106	113	111	82	100	76	89	88	104	78	155	63	98	104	73	79	77	79	92	88	114	105	78	125	86	99	73	73	93	122	138	150	133	138	98	93	106	103	112	95	76	103	81	96	117	87	87	89	86	84	67	84	156	136	76	133	69	89	101	124	102	128	129	107	82
202	153	108	91	84	74	75	86	89	74	16	29	75	74	71	71	75	30	16	78	80	120	106	131	131	9	50	26	37	25	1	30	32	26	25	29	24	13	11	17	15	17	20	18	13	27	73	121	146	136	116	130	125	125	122	152	155	127	112	91	105	91	93	82	50	13	30	24	19	11	29	43	86	55	105	90	104	125	65	100	108	86	110	90	87	110	145	115	86	98	72	69	70	89	80	95	112	139	108	85	90	81	81	84	178	168	143	122	116	98	92	98	104	101	97	88	90	73	101	75	63	76	74	92	91	86	101	81	78	95	106	83	92	98	96	161	153	122	80	149
191	149	110	101	107	103	86	73	89	102	35	19	24	51	56	64	37	20	24	32	101	125	112	102	92	60	50	58	15	17	27	42	23	22	23	23	18	12	11	15	12	14	17	17	13	24	62	101	123	139	132	135	120	125	126	152	164	137	108	103	103	103	91	82	69	19	22	16	22	22	43	59	79	79	81	85	92	89	88	107	111	95	90	104	111	89	150	103	103	98	85	71	82	90	101	110	93	121	82	104	80	50	67	90	145	115	117	112	89	108	119	160	164	107	94	104	95	76	103	66	67	85	91	110	106	88	97	92	102	94	123	94	82	103	104	155	158	117	81	145
177	160	137	117	104	99	102	107	89	72	0	11	14	42	43	72	10	35	15	13	56	105	81	99	106	66	93	27	11	29	22	20	16	22	24	19	13	12	14	15	14	14	16	16	12	17	41	68	79	122	130	131	127	158	168	183	172	150	112	120	112	124	102	97	91	34	27	17	26	15	17	24	90	72	93	66	76	104	79	110	91	92	102	118	126	110	164	122	97	77	80	64	77	70	93	91	100	95	106	81	98	95	97	86	114	95	94	88	98	137	97	122	126	96	106	94	53	63	118	85	67	72	62	73	80	65	67	73	109	108	151	105	76	114	103	106	129	138	104	79
148	117	92	96	114	125	127	128	116	74	13	18	22	22	13	35	6	24	7	27	56	119	111	147	136	90	125	16	11	31	23	23	16	27	29	19	12	15	18	16	17	16	17	17	13	13	22	35	104	150	149	132	122	153	147	138	166	147	122	127	125	133	119	115	92	38	26	14	30	20	20	28	86	70	103	62	79	128	80	93	110	110	128	92	72	125	150	150	94	73	84	83	82	75	89	80	111	112	102	97	66	255	118	90	78	144	151	115	141	162	122	137	124	124	139	104	37	38	91	95	139	117	74	61	75	78	72	69	97	76	92	94	94	106	115	143	90	92	79	60
88	92	106	112	96	80	99	134	120	103	76	21	17	12	15	7	24	0	20	17	86	121	139	117	82	133	144	121	53	26	26	22	20	29	29	18	12	15	17	14	16	15	15	17	16	14	15	19	37	99	121	126	128	166	162	154	152	136	131	122	132	122	124	119	121	71	43	10	22	21	32	52	48	88	87	79	93	111	109	80	121	125	125	101	54	111	89	92	80	70	73	92	77	89	92	87	81	87	71	83	45	255	106	81	147	160	111	79	125	157	170	132	121	101	98	105	80	55	72	126	123	98	62	39	54	78	75	65	40	81	75	80	115	128	126	117	130	118	101	58
109	98	96	105	106	100	104	117	125	94	84	20	26	15	26	16	30	11	28	13	49	98	115	82	80	117	161	136	84	26	10	19	23	25	22	16	12	13	13	12	12	12	13	16	18	19	18	17	7	70	109	132	131	150	141	143	148	135	141	126	138	118	124	117	130	95	65	14	18	14	18	33	19	61	92	90	96	107	99	97	110	113	82	118	85	94	69	55	60	64	57	74	64	92	93	95	83	86	95	93	102	158	118	109	124	129	135	161	132	121	163	110	132	119	101	100	90	73	51	93	112	88	81	62	56	78	80	73	43	101	91	79	117	129	108	87	103	92	74	13
75	97	114	110	106	120	146	164	151	105	90	36	26	13	12	11	15	22	23	28	43	96	102	117	144	96	132	64	78	41	20	38	25	18	14	14	15	12	12	13	12	12	12	14	17	19	19	17	6	42	72	117	132	142	128	137	150	142	140	138	139	128	121	115	104	91	69	16	24	22	17	23	16	21	90	104	115	116	70	103	114	98	74	93	89	92	93	98	69	82	76	71	79	97	98	97	75	106	93	101	84	94	77	96	103	95	62	106	77	101	112	101	79	93	101	97	94	131	118	125	155	101	99	84	53	61	68	69	120	75	76	84	100	95	85	150	92	30	21	17
66	98	115	109	117	142	145	126	128	134	130	54	5	24	24	19	19	5	22	19	95	74	72	97	115	109	86	109	117	79	45	20	27	15	9	15	19	14	13	17	17	16	15	13	14	17	16	13	17	17	24	86	126	142	124	132	145	141	128	144	133	137	114	110	131	118	85	16	19	21	15	17	16	23	50	129	155	101	76	79	90	81	134	102	107	110	80	91	76	95	96	67	92	89	87	76	115	139	161	83	111	110	93	85	59	132	86	107	76	94	20	67	55	40	63	92	94	146	139	133	177	87	82	85	64	85	111	125	120	90	141	91	72	116	79	98	48	6	13	12
119	122	97	113	113	108	139	120	120	114	94	54	120	10	16	27	54	136	63	153	115	72	106	103	87	85	114	91	105	77	81	46	13	15	28	21	10	17	9	16	14	14	15	16	17	17	18	19	17	8	25	75	110	149	137	145	145	137	133	159	132	113	106	139	130	118	97	31	15	15	23	15	15	23	18	104	72	98	90	78	76	125	120	88	65	95	95	90	89	105	76	90	89	108	104	77	95	173	138	99	120	91	74	120	100	25	19	26	20	27	21	21	22	27	14	18	37	36	56	113	124	123	105	98	93	58	52	99	132	92	74	78	69	83	36	21	13	24	11	11
103	103	88	123	139	132	143	109	103	141	105	114	72	82	57	132	156	156	138	115	93	73	145	78	79	108	133	74	70	63	79	43	28	0	3	10	4	13	15	20	14	14	15	15	16	17	18	18	18	10	18	46	78	142	144	140	145	143	140	145	129	123	127	146	122	118	105	46	25	15	23	17	17	18	14	64	65	83	91	76	68	81	68	73	73	92	83	89	98	83	68	86	89	63	76	83	78	112	106	116	129	102	100	129	106	40	27	21	7	15	13	14	22	29	18	18	33	23	24	59	65	81	74	69	80	74	78	111	138	96	75	71	69	69	35	34	22	16	28	12
102	98	86	119	132	123	132	105	118	112	134	77	85	77	90	125	130	129	122	102	81	91	90	73	108	102	117	90	88	64	99	121	122	37	24	31	18	13	14	9	14	14	15	15	16	17	17	17	17	12	15	21	42	126	141	126	128	136	141	125	124	125	135	134	117	120	115	68	41	14	20	15	20	17	18	29	64	72	87	66	64	87	71	66	74	110	98	83	89	89	99	98	103	66	78	73	116	120	103	101	124	153	121	24	39	8	15	20	15	26	27	23	13	23	15	14	27	19	11	27	11	38	36	27	44	59	64	78	122	92	61	23	29	32	23	26	39	13	30	9
96	100	102	122	116	104	119	112	143	126	137	119	107	109	105	105	148	130	139	68	95	97	135	150	141	110	118	129	130	75	91	137	120	13	0	12	13	12	24	16	14	14	14	15	15	16	16	17	16	14	19	17	21	100	124	118	120	128	142	124	133	125	132	120	118	123	118	85	56	13	17	10	16	20	19	16	59	72	74	50	58	96	87	73	73	112	105	92	77	80	91	91	94	74	75	69	109	92	90	117	133	140	109	24	11	7	21	25	18	23	22	12	12	21	15	9	18	21	18	25	13	33	29	18	30	43	43	44	83	83	62	4	15	20	22	6	37	26	35	66
87	100	116	131	121	111	119	113	114	122	123	166	109	102	108	112	129	122	134	81	62	105	151	104	93	119	140	130	124	89	78	83	132	43	24	10	15	9	18	8	14	14	14	15	15	15	15	16	19	14	19	21	13	69	101	128	132	129	141	132	143	127	130	122	119	121	114	95	70	15	19	11	12	21	12	16	42	81	70	56	57	68	61	78	80	95	91	108	119	87	74	103	103	99	96	126	103	145	167	146	79	28	23	10	24	29	28	22	13	16	24	16	16	25	21	12	12	15	17	20	16	21	19	17	23	27	26	27	0	16	26	8	30	33	42	22	32	65	57	156
111	108	110	112	112	122	123	106	133	114	141	151	139	72	120	108	133	135	75	78	55	122	123	120	73	127	140	100	78	63	61	69	107	78	60	1	15	12	17	14	14	14	14	14	14	15	15	15	21	15	14	19	10	41	74	139	135	123	124	126	133	121	122	123	115	118	110	105	82	16	23	16	19	23	11	23	29	94	88	91	81	84	64	76	88	112	98	96	93	79	66	81	81	112	100	115	80	143	161	119	51	14	22	19	12	26	21	22	21	20	28	21	13	17	20	17	13	13	15	14	14	8	8	12	13	11	12	15	30	20	16	17	15	8	25	10	62	118	75	159
129	117	105	91	99	129	129	107	135	100	91	120	86	69	66	67	77	81	69	64	137	113	86	115	120	146	122	71	37	16	22	58	135	171	144	21	27	16	7	8	14	14	14	14	14	14	14	14	16	19	12	18	14	24	42	124	124	118	112	124	125	128	120	120	114	121	116	119	90	11	21	18	24	16	17	29	24	96	106	115	113	120	89	80	91	125	103	79	70	92	104	78	82	127	119	103	127	89	80	104	70	18	22	30	15	30	18	24	26	13	15	5	22	14	15	19	16	17	18	14	26	20	21	22	17	18	21	18	25	16	6	22	17	60	106	84	93	153	98	99
111	111	114	101	110	144	142	115	132	95	87	115	69	92	60	81	80	79	81	76	93	130	105	131	113	131	95	45	24	15	15	43	79	166	144	0	14	16	11	23	14	14	14	14	14	14	14	14	10	23	15	20	20	17	17	97	119	126	121	140	137	151	133	126	116	127	125	130	94	4	15	15	18	3	20	28	21	86	106	114	126	112	81	90	93	99	79	83	75	80	106	68	78	96	107	111	125	79	72	84	37	11	33	17	22	30	5	11	21	15	30	29	48	26	17	19	17	17	18	13	18	17	21	16	9	17	24	14	12	30	24	29	13	93	138	77	89	158	130	73
94	106	113	136	111	104	96	116	135	106	92	131	90	61	68	88	68	87	94	75	64	118	115	124	122	86	47	25	14	10	17	28	66	139	169	27	10	21	11	15	15	16	16	17	17	16	16	15	15	14	17	19	12	7	23	45	118	122	157	128	141	121	148	133	121	139	126	119	98	43	15	13	15	13	13	22	32	77	82	98	108	88	86	88	101	87	84	154	133	107	87	86	112	148	151	125	117	69	69	24	29	27	12	33	36	15	23	9	37	119	109	125	140	122	140	103	83	20	26	16	24	15	11	26	8	21	21	19	27	6	26	13	50	112	146	115	116	122	111	117
87	97	103	127	115	117	108	120	97	101	95	99	69	64	75	63	106	77	59	51	66	101	93	99	125	74	25	11	18	20	17	16	44	152	171	50	0	26	18	10	15	16	16	17	17	16	16	15	11	10	15	21	20	20	35	54	106	129	154	126	136	129	145	135	120	132	119	117	96	41	18	21	27	23	19	26	39	90	101	121	112	104	80	94	73	96	88	157	89	100	123	92	96	149	148	135	112	83	66	40	21	50	53	27	24	14	24	35	41	112	115	138	109	110	123	120	96	69	55	41	13	26	18	31	25	19	5	26	19	3	53	102	136	142	128	111	101	93	95	106
83	87	86	99	95	101	91	90	107	80	84	121	120	78	85	91	64	63	85	86	95	90	74	68	84	46	13	7	12	13	15	22	57	156	184	171	85	29	0	17	15	15	16	16	16	16	15	15	15	12	13	18	18	16	24	36	71	124	139	115	119	132	136	135	130	132	122	127	100	35	10	15	15	12	8	15	30	83	94	112	112	106	87	97	82	117	107	133	89	110	105	126	121	113	141	122	131	85	40	53	7	8	24	21	51	16	22	114	99	102	95	138	132	130	112	126	99	122	115	119	132	120	37	0	14	37	12	20	30	40	84	131	147	142	98	82	108	98	109	99
96	95	89	88	87	92	85	78	89	79	87	105	127	97	95	70	70	94	119	87	83	78	95	93	61	34	14	15	17	11	12	22	69	165	158	139	53	0	9	23	14	15	16	16	16	16	15	14	19	14	12	14	14	10	11	15	35	114	128	109	106	133	130	140	133	129	125	140	108	35	8	10	13	15	15	24	38	89	93	104	120	109	119	114	140	150	141	103	116	85	103	99	91	101	102	134	137	137	48	0	17	30	1	13	29	46	39	117	100	141	128	104	119	114	101	129	105	127	119	128	119	118	115	141	97	25	18	109	110	120	135	159	149	141	101	112	134	126	133	129
91	89	86	77	81	84	87	83	87	80	85	99	115	74	77	73	96	111	127	109	114	96	96	74	87	46	15	18	28	22	16	18	47	150	179	194	147	25	23	10	14	14	15	16	16	15	14	14	16	12	11	15	19	19	18	18	20	108	126	118	107	136	131	147	131	119	119	138	104	37	18	21	17	19	19	27	42	95	97	104	113	113	126	116	145	144	136	81	69	102	69	77	73	92	182	183	176	22	16	33	20	22	28	12	3	43	26	89	80	142	149	124	111	91	88	105	96	97	110	129	148	123	101	118	115	134	135	142	136	117	123	157	130	93	66	119	109	95	82	104
85	80	82	73	80	75	82	81	96	84	86	117	116	63	81	128	127	113	101	107	110	87	95	95	81	46	19	17	17	15	29	53	77	142	165	192	184	13	13	25	14	14	15	15	15	15	14	14	16	13	12	15	19	20	19	17	17	89	116	123	112	132	127	140	143	125	118	131	90	30	21	22	15	15	11	14	31	89	96	104	112	131	115	114	111	120	112	88	115	104	100	86	77	94	109	115	62	17	25	0	21	29	5	21	18	54	49	113	101	116	122	142	117	89	88	83	87	84	120	142	149	115	106	139	129	138	144	152	155	135	142	146	113	87	79	118	96	95	79	96
98	87	94	90	103	85	89	86	66	108	101	96	97	106	114	117	85	100	107	141	125	87	75	71	45	28	20	19	9	8	43	89	87	179	183	159	169	33	23	14	13	14	14	15	15	14	14	13	18	16	14	13	13	14	13	10	13	55	91	117	117	126	123	125	154	135	129	135	88	29	19	12	23	23	17	19	35	94	98	104	125	142	112	110	121	115	110	99	77	77	43	88	98	70	94	58	23	6	25	29	26	6	0	40	17	105	116	115	110	140	122	108	90	86	100	94	97	95	110	104	104	139	133	116	103	141	150	150	152	136	146	114	87	85	94	95	74	90	92	82
88	73	86	91	111	89	89	84	87	112	91	112	123	129	109	103	98	121	103	120	97	86	76	60	38	18	11	21	23	23	49	86	90	167	168	170	185	31	1	24	13	14	14	15	15	14	14	13	15	16	14	13	14	16	17	15	10	29	72	112	124	128	126	120	148	135	137	146	98	40	26	10	17	20	18	21	35	88	86	86	110	110	91	77	138	98	97	70	86	104	84	77	69	73	91	53	10	14	10	28	6	26	30	6	25	99	109	103	124	148	122	120	108	114	112	94	87	109	119	102	119	143	119	116	123	129	121	157	138	97	120	109	92	72	84	85	94	98	101	69
100	102	91	122	111	97	85	103	134	99	111	106	111	95	91	120	86	142	150	97	81	54	42	17	17	15	23	20	19	43	86	112	160	197	171	178	173	86	12	18	14	14	14	14	14	14	14	14	14	14	14	14	14	14	14	14	16	3	56	85	88	142	127	126	124	146	150	126	100	37	25	14	8	16	14	33	101	96	96	93	104	116	105	61	50	116	96	81	78	118	76	89	90	89	66	21	16	13	6	27	14	26	23	33	92	104	82	125	113	154	156	111	125	120	140	114	109	90	92	102	93	137	119	138	156	109	131	160	120	106	131	86	80	88	87	81	97	91	98	84
81	64	67	105	96	77	96	141	119	103	113	86	96	98	93	92	126	162	158	91	59	37	42	27	11	18	16	18	7	117	107	123	172	162	183	186	162	96	34	5	14	14	14	14	14	14	14	14	14	14	14	14	14	14	14	14	19	12	38	86	95	126	130	137	130	141	143	124	94	22	17	23	21	19	12	3	84	133	143	120	85	93	89	62	72	136	100	67	80	94	73	102	81	70	56	3	19	16	14	16	18	14	8	60	111	101	117	129	116	112	153	97	143	124	112	96	92	106	100	107	108	142	122	131	125	112	102	144	129	120	108	106	110	106	152	130	90	101	107	76
111	132	133	97	90	93	95	85	108	96	71	104	63	87	61	102	97	113	117	56	20	6	19	5	26	27	8	67	91	93	103	70	80	124	132	117	131	35	4	21	14	14	14	14	14	14	14	14	14	14	14	14	14	14	14	14	17	18	21	85	105	116	128	141	128	137	149	147	114	24	10	21	13	23	11	14	39	145	139	140	153	100	98	121	120	114	93	137	103	92	89	121	80	57	55	8	13	16	21	11	31	16	27	111	91	181	171	155	122	131	129	107	120	113	98	98	90	122	103	106	105	116	132	93	122	103	106	135	114	105	77	60	72	106	144	81	91	78	78	68
108	145	148	86	75	46	62	116	99	68	79	76	81	48	80	123	92	81	87	40	14	14	28	13	0	34	27	59	97	100	124	50	91	124	130	139	145	17	35	19	14	14	14	14	14	14	14	14	14	14	14	14	14	14	14	14	14	15	16	69	101	121	117	132	128	138	152	153	124	33	12	15	10	6	23	31	45	134	128	142	144	95	85	79	77	89	92	142	112	105	102	110	68	39	42	18	8	17	20	13	33	20	71	128	102	188	153	149	110	126	106	97	92	103	112	105	92	108	94	98	102	135	112	114	94	117	93	115	101	78	99	77	80	136	143	116	128	100	94	92
101	150	145	85	117	94	76	132	84	88	73	91	78	100	110	132	119	75	63	14	1	9	19	11	27	1	26	66	64	141	121	176	168	131	76	47	112	14	4	12	14	14	14	14	14	14	14	14	14	14	14	14	14	14	14	14	18	10	19	36	71	128	107	121	135	138	137	127	106	32	17	15	24	0	30	15	81	137	151	144	142	106	117	119	128	117	77	77	92	106	99	79	52	16	12	12	12	23	15	15	18	23	106	98	195	128	126	158	124	93	135	97	97	102	121	95	90	85	84	87	97	126	122	100	131	100	128	103	115	78	114	130	93	74	71	109	92	91	90	65
137	180	160	86	117	130	89	108	106	72	84	84	144	107	138	125	133	83	70	24	20	22	17	19	14	51	82	50	35	121	114	108	170	29	47	9	18	14	35	13	14	14	14	14	14	14	14	14	14	14	14	14	14	14	14	14	26	11	20	9	33	116	103	114	127	130	130	124	107	35	15	8	15	18	16	20	48	135	141	154	153	114	132	129	131	101	64	72	86	101	98	70	58	18	6	16	15	23	13	16	16	57	136	92	166	117	109	153	96	63	96	84	93	85	108	90	103	90	85	81	96	140	99	127	113	119	121	99	85	84	80	133	117	81	92	105	75	73	87	83
143	119	112	77	47	54	67	144	113	76	47	110	125	107	102	117	93	56	57	14	17	11	0	25	41	66	77	89	75	22	35	0	24	39	83	45	67	19	2	10	14	14	14	14	14	14	14	14	14	14	14	14	14	14	14	14	22	15	17	10	13	88	104	104	118	119	128	139	122	36	10	10	7	31	8	38	43	109	115	156	136	130	127	51	53	96	111	110	97	74	81	67	57	20	17	22	17	18	18	14	33	115	150	130	137	181	143	162	98	92	90	115	90	77	91	94	102	99	88	94	125	131	119	100	111	89	98	69	81	110	76	90	90	89	80	60	85	65	81	100
130	78	89	89	64	116	104	93	93	83	53	81	84	79	89	91	98	68	67	17	20	17	19	72	84	83	83	126	83	63	25	30	16	167	159	122	137	22	17	18	14	14	14	14	14	14	14	14	14	14	14	14	14	14	14	14	12	18	14	25	12	65	105	92	125	113	120	136	117	24	8	26	24	5	19	28	122	87	126	149	106	87	101	62	73	72	45	26	98	33	45	48	33	2	16	14	22	16	25	9	46	151	142	160	186	176	149	142	111	89	129	133	113	95	84	89	72	86	84	119	101	96	92	85	86	104	92	89	75	101	103	82	74	96	69	107	97	91	95	86
111	65	57	73	83	80	86	126	100	96	60	49	135	161	107	88	73	85	72	42	38	21	19	80	77	132	155	133	144	123	100	39	47	126	139	126	151	9	21	19	15	15	15	14	14	13	13	13	14	14	14	14	14	14	14	14	17	16	20	16	11	41	96	133	123	118	124	131	129	50	14	19	17	13	29	56	117	128	130	123	146	112	96	67	57	85	59	21	16	15	13	12	13	15	17	19	18	24	17	111	93	135	154	182	194	158	136	128	74	84	126	135	154	117	74	79	75	104	98	91	118	138	138	135	100	95	86	95	99	86	100	82	93	89	88	90	81	93	99	93
96	57	57	79	99	105	110	142	101	82	117	128	87	100	112	106	69	68	60	41	39	30	26	71	69	119	140	127	149	148	150	114	97	142	136	118	132	19	14	7	15	15	15	14	14	13	13	13	14	14	14	14	14	14	14	14	16	13	18	17	10	28	75	113	126	123	125	130	124	41	9	14	16	9	15	33	98	122	133	125	137	99	93	66	51	72	54	29	18	17	15	14	15	17	19	20	26	21	29	136	113	96	97	126	143	133	129	126	85	113	144	136	121	97	69	81	87	125	139	149	124	135	130	128	93	88	86	104	89	77	91	73	83	79	78	80	84	95	98	91
98	59	50	60	81	94	96	119	124	56	87	143	80	101	102	75	89	71	71	66	66	65	62	85	88	130	140	127	140	140	152	135	128	131	109	98	103	45	21	10	15	15	15	14	14	13	13	13	14	14	14	14	14	14	14	14	17	12	17	21	13	15	51	94	122	124	123	129	119	32	7	13	18	12	11	21	91	130	143	128	142	92	96	67	39	42	26	13	20	19	18	17	18	19	21	22	7	13	35	136	135	110	132	163	113	127	135	131	93	132	137	109	104	113	124	145	135	124	99	90	120	126	124	130	96	83	82	107	86	75	89	71	80	76	75	78	85	95	98	89
142	93	63	53	67	86	90	108	88	57	63	126	84	97	67	83	90	62	72	77	72	77	77	84	75	119	132	130	136	136	149	144	137	112	85	86	83	75	35	21	15	15	15	14	14	13	13	13	14	14	14	14	14	14	14	14	20	15	17	24	19	11	40	90	111	119	117	126	115	27	11	18	16	16	16	22	97	142	149	121	114	51	78	61	40	37	26	25	20	20	19	18	19	19	20	21	47	81	93	135	132	109	140	139	115	134	144	140	99	134	112	80	117	131	143	153	139	108	77	70	108	116	124	142	108	85	76	101	86	76	90	71	80	75	75	78	83	94	98	91