170	170
67	69	113	91	75	108	107	117	102	110	98	63	67	58	53	130	107	134	150	166	73	50	53	63	77	111	141	113	116	110	62	87	84	85	92	79	95	48	86	78	69	70	100	103	61	83	95	79	76	75	70	89	68	67	71	104	89	89	82	73	75	82	77	63	83	97	76	93	101	114	106	123	140	97	81	104	109	84	88	123	156	129	95	78	86	100	100	91	73	75	85	98	60	78	82	71	133	40	83	83	74	91	92	92	80	97	98	105	96	82	89	85	77	88	87	104	94	79	94	80	82	94	78	64	82	98	104	117	96	81	68	71	83	89	84	77	83	77	79	67	88	90	110	107	93	91	111	113	122	124	102	119	127	131	154	128	80	76	125	92	99	84	128	146	141	90	69	68	68	79
180	119	70	59	119	137	93	122	93	79	68	67	61	64	76	71	89	100	74	158	102	74	89	91	84	94	97	114	122	110	102	91	86	89	89	83	93	87	103	96	91	87	111	96	116	64	70	96	78	79	86	91	88	63	62	83	74	70	60	72	70	78	68	68	67	95	136	81	92	173	151	179	136	139	106	81	91	87	83	105	100	87	74	67	62	64	80	98	75	74	81	87	73	90	101	96	111	93	44	71	107	65	91	80	77	93	95	104	100	86	90	82	107	101	93	115	114	95	96	79	66	71	73	91	111	101	90	104	87	80	83	92	90	82	92	112	84	76	81	71	83	92	98	102	92	98	119	118	121	116	88	97	114	98	76	79	82	86	140	91	123	137	152	149	105	74	70	71	63	84
190	80	64	90	110	134	119	103	69	90	87	93	70	60	92	74	99	82	68	69	87	70	121	106	117	114	85	124	115	84	113	76	81	98	104	90	69	85	87	100	65	96	99	113	65	101	92	82	83	78	87	88	117	79	65	68	78	69	58	77	71	73	67	78	106	119	110	89	96	96	105	105	101	83	82	82	71	85	111	115	78	73	77	84	78	68	80	104	83	82	85	78	84	87	98	96	88	117	93	70	93	70	80	84	81	92	88	96	92	81	85	77	95	86	77	95	98	80	76	67	83	83	82	94	105	93	83	92	91	80	92	119	120	92	75	80	96	83	89	83	80	98	84	99	80	86	95	88	95	100	88	97	101	79	100	82	94	111	115	107	108	143	146	167	109	76	70	65	68	93
81	72	78	88	120	128	101	109	66	90	67	70	93	79	66	64	82	86	100	81	61	98	72	94	84	103	76	104	94	65	106	89	94	97	111	94	72	84	71	91	91	79	97	110	79	65	87	77	79	88	95	97	115	82	68	80	82	75	76	72	70	58	64	71	82	87	137	70	79	111	77	72	108	127	96	71	87	74	55	79	93	86	89	102	109	101	89	84	83	86	91	73	86	72	81	85	82	92	126	96	85	78	84	95	87	94	84	85	78	68	77	73	84	91	88	88	87	81	84	91	94	106	101	84	82	91	93	87	125	97	82	92	96	81	70	73	92	76	79	78	64	86	62	85	90	94	87	75	80	85	78	81	77	87	57	73	120	117	133	79	101	119	122	177	145	85	77	63	77	88
67	75	82	89	118	126	101	96	69	70	76	78	93	80	47	64	83	71	132	82	115	70	70	100	64	105	89	84	90	78	91	105	117	83	94	95	115	114	90	92	72	104	79	77	82	64	64	87	73	98	104	110	86	69	67	102	79	86	109	80	89	64	79	70	91	98	159	101	76	72	50	64	97	108	112	87	77	118	130	85	96	91	84	88	103	109	88	61	81	85	91	71	79	65	82	95	83	88	96	113	121	75	85	89	82	92	87	88	78	66	75	72	71	85	79	60	65	75	75	84	73	92	103	93	85	96	102	94	108	96	85	81	79	77	80	86	92	77	76	82	69	84	68	94	88	96	90	90	99	95	85	79	70	78	114	75	110	158	157	174	131	130	130	163	151	81	88	67	68	61
97	60	81	116	108	106	101	71	79	53	107	115	76	70	65	73	74	120	90	98	103	87	86	90	76	109	97	70	84	82	65	86	104	76	86	101	123	108	93	93	89	158	99	101	56	106	93	86	80	84	81	101	79	86	82	99	63	78	107	82	93	74	84	69	64	64	71	105	90	45	84	104	101	132	104	74	103	120	107	109	99	99	88	77	86	101	95	75	97	94	95	80	70	65	88	105	78	121	134	95	126	103	58	76	74	88	89	97	92	78	81	73	90	94	82	61	78	92	73	78	72	73	88	95	86	88	103	110	94	87	84	90	99	98	86	73	90	81	75	91	87	84	88	105	96	101	84	87	91	80	85	89	89	92	70	74	139	172	189	149	139	148	158	151	132	75	85	60	70	64
73	86	82	108	134	92	58	82	96	54	69	84	67	76	80	52	68	134	105	83	132	93	94	40	53	70	72	65	71	72	73	90	78	87	85	109	94	81	77	83	169	173	146	132	98	81	110	85	92	71	79	98	89	94	94	79	64	68	67	68	66	71	70	70	75	61	77	68	58	95	93	96	106	90	89	96	95	99	109	112	113	109	97	86	88	96	97	90	108	99	99	98	69	72	87	95	79	122	158	95	117	120	62	72	81	88	84	95	98	89	88	74	74	72	70	63	85	83	51	69	84	72	78	82	75	88	112	117	122	92	69	76	91	94	86	81	75	75	64	86	91	61	86	88	123	122	92	85	72	51	73	96	105	90	134	124	157	181	162	164	137	144	159	151	115	77	67	57	46	62
88	79	95	125	115	90	85	73	82	94	64	59	60	58	82	81	113	139	95	84	113	101	67	70	65	72	84	101	82	73	107	120	76	102	75	112	82	89	78	72	97	181	108	92	66	103	91	82	96	81	120	117	88	64	86	69	111	97	59	82	63	90	81	102	97	96	56	95	61	44	85	82	81	105	102	89	100	109	105	106	120	105	93	91	92	88	81	77	99	88	94	113	75	83	86	83	91	84	78	128	142	92	112	73	97	92	76	84	94	91	91	75	70	72	88	97	113	92	60	101	72	74	80	74	74	109	129	108	102	84	81	96	93	73	70	85	83	89	74	99	109	58	93	83	99	109	94	103	92	69	104	140	93	75	112	133	163	162	160	159	164	140	138	150	105	78	50	69	97	138
86	85	81	76	76	79	76	70	83	76	68	71	59	63	85	71	71	94	99	78	97	89	64	68	67	78	77	84	58	79	84	90	99	112	103	74	131	128	78	93	129	95	74	76	87	99	100	87	90	112	108	95	93	79	62	65	105	98	78	79	99	97	90	102	151	71	100	89	121	61	73	69	91	111	119	106	98	101	96	83	86	93	107	80	72	84	78	104	86	85	95	80	85	72	94	103	110	65	79	116	71	99	113	79	86	93	86	77	79	78	79	87	81	90	84	90	93	87	89	75	85	84	84	86	87	88	91	95	70	79	109	74	104	108	80	94	84	81	88	94	78	61	75	103	102	97	106	82	76	121	91	95	118	113	79	129	174	162	154	112	138	111	160	133	79	76	58	101	127	153
71	72	69	66	67	70	67	62	69	73	61	60	59	69	87	73	76	98	82	86	77	89	83	99	74	80	74	79	62	84	91	97	91	106	102	89	97	83	65	96	65	80	107	116	96	82	85	88	88	87	79	76	85	88	76	65	69	84	96	104	105	90	78	80	100	65	83	94	79	61	63	83	86	102	113	106	91	87	99	111	86	93	84	84	90	82	74	72	92	102	111	93	81	75	97	114	93	67	107	107	84	82	123	102	80	84	79	80	92	92	79	73	72	80	72	82	91	93	102	90	77	80	83	79	71	65	66	69	91	73	93	86	81	92	56	55	78	76	87	95	85	81	87	91	108	76	89	117	121	88	81	111	81	74	97	154	137	114	113	120	105	142	148	123	76	63	79	57	109	133
63	66	66	65	67	70	68	63	87	97	74	62	65	66	68	54	88	86	87	75	85	62	116	116	89	86	70	66	59	82	95	108	95	102	77	125	85	96	80	100	102	77	65	72	81	93	96	87	90	76	77	82	80	86	82	58	90	90	101	105	89	75	74	74	68	80	112	123	76	69	71	109	104	94	90	94	96	97	106	119	63	80	66	95	110	87	90	78	90	106	107	99	79	84	90	98	95	80	102	92	88	83	105	86	89	91	81	77	88	90	79	73	92	93	77	81	88	92	101	90	79	82	87	91	92	89	82	76	93	67	80	91	71	112	85	65	74	69	82	90	86	96	102	87	88	98	103	100	109	86	95	76	76	80	78	92	104	118	126	200	160	118	103	82	70	56	73	137	114	98
62	67	70	70	73	76	75	70	60	74	56	64	87	86	86	86	79	94	75	130	86	86	107	101	81	93	97	102	103	103	96	99	102	71	101	105	130	80	124	81	89	77	77	79	75	79	90	93	92	83	107	116	87	84	89	64	128	92	84	90	71	58	64	67	98	81	95	94	88	78	79	99	122	106	94	97	106	110	112	114	79	94	94	112	107	74	77	88	88	99	90	97	85	100	82	72	82	90	80	93	87	106	91	87	108	109	89	68	69	75	80	87	113	108	83	79	81	82	90	79	120	99	74	65	77	92	96	90	123	108	102	82	68	104	82	53	88	75	84	90	77	83	95	85	96	94	86	84	90	95	91	78	122	92	94	96	118	169	191	151	88	105	99	59	82	53	63	198	124	92
62	68	72	72	73	76	76	73	72	76	60	76	94	76	69	74	77	72	101	128	133	78	114	69	98	96	79	63	74	82	101	125	84	80	83	121	87	88	105	72	81	72	79	93	96	98	97	89	89	77	107	118	82	78	90	66	124	89	94	119	103	77	75	81	108	93	95	87	66	58	77	136	117	125	126	114	101	100	104	107	93	92	109	106	96	78	70	108	92	99	88	99	92	107	87	76	63	91	88	103	103	117	105	121	104	105	85	64	69	80	84	88	103	99	76	71	74	75	86	76	95	88	79	79	93	109	110	102	90	90	87	64	88	90	81	82	102	89	97	104	81	65	74	83	90	83	71	68	69	135	98	93	118	134	92	78	176	190	182	111	70	88	105	87	45	100	218	106	72	76
67	73	76	74	74	76	77	75	68	70	63	85	98	85	86	88	85	80	67	119	88	94	98	80	52	67	76	77	101	85	76	84	94	75	82	93	96	96	111	80	68	84	108	106	80	78	109	137	144	113	122	130	106	110	120	95	85	79	101	129	119	93	90	102	87	103	104	121	69	72	73	150	108	121	123	110	95	90	87	82	92	78	96	90	92	92	79	117	94	98	96	99	90	94	92	97	94	99	103	94	124	104	101	105	78	84	76	70	87	98	88	77	92	94	77	75	76	77	88	80	72	89	104	109	111	116	115	109	95	89	88	80	108	65	59	86	91	92	102	113	100	72	70	92	76	78	69	66	58	149	94	88	122	101	80	88	126	127	172	100	111	115	91	56	70	126	211	113	101	112
73	78	80	75	73	75	76	75	98	101	92	92	84	79	85	66	91	69	82	83	93	84	103	86	74	82	86	86	124	103	87	89	104	91	73	111	101	131	98	109	93	83	89	102	107	109	107	97	135	97	89	93	82	90	100	81	57	74	84	88	92	87	81	82	92	87	73	101	105	116	69	84	106	107	108	107	98	87	81	81	104	101	100	97	94	81	72	89	92	87	94	96	98	84	88	94	117	101	93	86	114	87	80	82	63	83	86	80	88	95	89	84	90	97	86	86	84	80	89	81	112	112	101	82	75	84	92	93	78	77	81	93	100	85	95	113	86	99	98	102	111	90	74	94	87	62	53	94	82	102	71	104	97	109	84	94	105	88	85	88	103	81	117	91	60	67	155	140	73	63
73	77	78	72	68	69	71	70	76	89	88	82	73	92	112	81	71	73	101	122	116	116	89	73	85	87	87	88	135	108	82	76	102	88	120	108	128	93	85	121	108	98	98	99	89	87	93	92	111	81	76	81	76	87	101	95	73	100	93	77	95	106	83	60	97	98	106	84	108	95	79	82	101	108	122	125	102	78	88	116	87	112	103	112	104	76	87	91	92	76	88	96	116	89	84	77	86	89	78	97	83	80	76	113	68	100	107	85	70	74	88	105	80	92	87	90	87	81	89	81	92	92	89	89	102	111	98	76	96	104	95	92	56	86	102	83	102	119	97	84	106	93	67	78	62	85	75	85	76	97	105	104	89	86	76	98	70	101	85	104	104	120	108	85	57	71	209	120	80	73
78	64	64	53	74	71	81	74	66	76	88	70	74	98	94	89	84	87	96	77	83	142	113	109	81	82	90	103	99	75	80	88	92	93	86	88	70	91	95	94	90	86	91	91	83	85	90	83	80	88	94	60	93	106	101	94	95	90	103	89	94	86	96	79	80	68	106	80	87	90	66	72	106	125	129	118	106	91	87	96	110	126	178	135	76	111	76	67	92	72	93	64	86	117	79	88	84	87	97	99	97	80	83	136	110	95	86	82	79	85	83	69	79	79	90	96	89	84	81	71	95	87	85	94	105	110	110	110	98	116	90	93	86	95	93	109	89	84	114	73	102	84	72	62	79	127	99	86	82	144	126	143	98	70	67	84	87	86	98	109	80	99	86	54	89	141	135	96	91	89
73	69	62	66	68	76	74	73	91	78	79	72	77	90	82	85	106	75	78	97	114	145	133	183	119	77	95	61	98	85	98	104	80	93	92	80	73	105	115	99	84	93	114	127	122	115	101	81	145	74	54	63	94	107	98	90	76	75	88	84	82	79	86	77	85	87	78	121	70	73	50	98	130	134	118	93	81	76	81	95	137	161	108	158	142	88	100	77	88	83	92	75	118	94	122	118	69	66	73	64	80	95	93	129	96	90	90	87	78	79	87	89	88	91	101	99	82	79	87	88	78	80	89	103	107	98	83	74	90	94	93	106	99	106	117	125	87	83	87	68	74	81	67	78	108	153	159	136	125	139	133	142	116	76	65	88	94	80	70	67	68	73	74	61	82	131	105	97	74	72
68	74	64	80	67	82	73	79	70	74	103	109	91	71	64	90	102	99	89	84	104	140	103	111	83	115	77	107	66	79	97	112	104	88	89	92	89	86	94	95	101	102	111	112	105	106	104	90	98	91	64	54	77	89	66	89	79	55	43	66	85	106	93	71	89	88	99	85	108	74	99	82	93	102	97	90	95	100	102	109	72	128	101	87	83	91	81	75	73	98	98	139	136	125	115	124	86	78	91	69	85	110	74	78	108	100	94	88	75	63	63	70	84	83	90	86	72	72	83	85	103	96	91	92	94	95	98	103	107	89	99	104	98	80	81	78	76	86	82	99	82	95	63	81	135	159	164	152	126	120	121	127	89	57	59	90	102	95	90	89	76	73	79	68	61	97	83	125	98	95
67	75	73	82	72	81	80	87	105	74	70	76	88	93	87	102	81	66	52	74	108	124	74	76	95	76	91	77	85	116	85	88	92	74	83	98	103	95	104	107	80	89	104	105	96	96	94	80	97	73	77	83	63	114	107	71	85	79	76	101	88	102	103	111	71	88	101	84	108	117	117	81	64	80	86	89	98	96	80	70	76	92	127	84	68	116	81	127	106	111	106	138	108	151	97	135	83	72	98	83	98	123	79	74	89	79	72	81	90	84	77	82	91	84	87	89	85	88	93	87	89	86	85	88	89	87	89	93	105	83	94	100	128	98	75	76	105	105	81	96	77	94	81	110	140	141	131	148	124	121	113	107	81	75	86	97	92	91	102	109	89	85	82	69	65	78	82	116	81	80
72	74	83	74	78	70	82	86	78	77	88	76	69	81	95	124	49	84	66	42	71	144	124	89	100	102	56	75	97	109	126	91	77	98	107	93	90	116	117	86	70	82	97	97	89	96	103	94	87	89	70	73	89	119	94	107	128	101	87	125	128	135	109	97	72	77	107	100	97	119	97	107	73	88	90	88	96	94	78	66	77	90	85	90	76	109	114	87	143	123	111	113	137	159	105	85	78	59	82	76	81	98	76	86	73	75	73	85	104	100	92	101	88	84	89	89	80	83	90	88	89	84	82	82	81	77	77	80	89	78	83	93	160	130	80	94	100	100	87	94	94	90	91	106	102	100	107	122	130	101	106	80	82	93	104	96	81	88	101	98	76	81	71	64	90	91	93	76	65	68
76	74	87	70	78	62	78	78	75	67	73	73	92	111	92	78	83	71	64	86	78	88	97	123	105	91	78	89	81	144	109	125	91	112	109	104	78	102	90	68	81	85	89	82	77	91	102	93	72	63	95	93	67	115	125	85	82	83	107	140	121	98	90	101	98	89	111	89	91	130	99	105	64	86	94	94	104	107	95	85	72	99	86	107	94	124	138	70	105	174	159	175	125	98	95	85	81	64	78	85	74	66	58	63	82	101	98	91	95	83	75	91	79	83	94	89	70	68	82	89	96	89	83	84	86	87	90	94	87	84	93	106	163	142	78	98	74	87	95	104	124	98	96	85	76	82	103	78	118	66	112	87	78	84	90	86	84	99	102	84	67	85	80	62	82	108	110	96	140	145
72	77	83	79	77	71	76	78	79	81	90	73	67	82	88	104	65	68	76	94	66	85	105	106	118	83	63	61	131	118	133	82	89	94	84	117	79	97	83	98	71	76	86	90	94	104	94	65	72	82	96	73	101	147	130	78	74	52	75	111	122	95	86	83	106	106	77	102	81	147	97	97	57	85	95	91	93	90	76	65	80	78	94	113	98	105	89	102	138	165	88	133	100	112	98	85	76	69	74	99	91	76	83	67	77	104	97	80	88	86	81	97	86	91	106	112	101	97	99	95	70	73	83	98	105	97	84	75	88	85	121	142	150	149	101	115	95	102	87	85	106	98	112	102	79	109	98	70	97	76	125	119	106	91	85	88	90	98	97	83	102	100	92	68	67	153	114	133	118	122
66	78	77	92	77	87	79	85	84	79	90	86	84	89	83	93	95	69	71	104	74	87	110	106	111	81	67	65	89	102	95	89	98	118	97	121	68	106	89	98	89	78	71	73	90	119	120	95	75	56	97	86	75	88	122	118	87	65	90	110	116	80	90	100	101	62	82	89	134	72	101	107	68	94	100	89	90	93	90	88	76	133	120	83	78	114	96	85	82	86	93	89	87	80	88	119	103	95	75	96	91	82	106	77	92	113	93	72	91	98	87	93	81	79	97	120	130	127	107	79	100	90	84	88	94	93	89	87	93	83	139	160	112	118	86	88	97	110	86	89	103	103	111	95	58	118	67	81	74	101	108	111	116	88	81	93	97	101	114	123	150	103	83	75	81	218	102	118	85	88
74	69	90	87	76	81	81	89	102	71	77	99	90	80	77	62	61	108	76	106	109	90	87	93	106	98	91	71	61	76	68	149	99	103	96	93	64	71	121	114	87	78	80	94	101	101	110	126	105	93	95	119	79	72	81	109	112	99	80	68	108	93	83	97	81	103	115	97	85	102	104	79	66	70	86	104	93	117	93	85	79	76	98	74	84	87	103	113	95	92	98	98	73	85	113	83	85	83	87	80	90	93	73	76	51	118	82	80	103	100	69	60	94	79	85	100	164	181	161	108	91	104	84	89	79	83	74	105	81	105	154	123	130	138	76	87	103	76	83	111	116	105	87	64	111	90	71	99	56	96	103	99	102	89	75	89	154	138	128	130	134	125	77	61	93	208	101	83	69	71
92	77	87	85	84	98	98	102	97	87	74	80	94	87	85	105	108	107	109	87	115	124	83	88	120	106	90	70	62	74	57	122	80	113	92	66	70	77	102	132	102	89	81	84	86	81	77	78	99	92	77	97	88	86	87	125	90	101	80	67	115	98	122	116	84	101	115	101	79	78	80	68	61	63	78	92	83	108	92	89	95	78	89	76	96	96	92	88	86	86	79	90	86	75	84	80	98	77	77	93	118	112	76	74	119	90	75	111	66	73	92	105	84	102	99	81	129	182	168	101	89	83	66	70	90	90	78	84	115	118	108	106	132	154	150	77	80	97	87	93	122	104	78	97	83	75	106	89	95	111	135	169	91	143	105	124	126	125	131	129	139	109	83	66	95	221	229	71	63	65
77	71	89	87	80	85	78	77	67	86	65	63	94	80	66	106	105	134	126	107	130	101	103	79	85	103	118	107	80	71	48	100	89	116	113	81	80	86	89	121	98	88	81	86	97	103	98	91	105	70	79	110	82	82	87	77	85	111	81	60	98	78	117	93	85	86	102	111	98	89	90	88	68	65	78	86	78	101	93	94	92	72	84	85	104	101	89	87	77	93	77	85	104	96	93	94	69	71	89	97	103	90	67	81	70	59	98	142	94	125	114	81	92	63	71	134	155	129	99	105	110	101	75	86	99	112	98	101	134	126	118	104	83	90	156	102	88	85	123	139	103	91	90	59	69	66	116	88	117	103	79	105	123	134	88	131	142	124	121	127	110	112	115	48	84	137	109	71	73	77
89	77	89	86	82	90	77	68	82	98	79	71	92	79	65	95	96	136	114	116	119	78	107	89	110	93	74	76	86	107	77	90	105	80	103	88	57	70	80	92	96	88	77	72	79	87	82	71	92	93	81	94	109	89	64	77	100	115	87	67	84	84	99	84	99	77	83	106	103	83	74	73	79	71	83	83	78	93	90	94	82	72	90	93	95	88	85	103	72	98	87	83	104	127	135	112	86	72	71	77	107	115	77	60	69	103	130	127	151	189	132	90	66	98	89	78	75	121	105	70	102	109	84	102	81	114	113	139	186	126	127	112	103	95	118	95	86	104	97	78	73	65	59	67	82	71	84	88	103	117	105	125	134	133	180	104	119	157	122	135	149	104	92	61	88	124	65	73	81	86
118	88	77	66	74	98	92	81	118	103	87	75	68	72	80	85	115	98	96	97	89	96	77	105	86	88	81	82	79	100	90	102	126	77	92	94	77	87	98	122	112	106	93	80	77	81	81	76	105	69	87	104	86	93	116	99	90	82	74	68	72	106	86	96	97	71	79	109	107	87	85	96	81	67	81	77	77	86	86	89	86	78	89	89	77	74	75	103	78	81	81	84	84	117	146	111	112	81	73	92	127	126	83	69	87	104	128	129	185	161	87	74	86	87	73	82	73	90	84	89	84	93	98	97	89	105	133	155	159	123	111	112	138	121	106	94	76	86	73	58	71	80	79	84	93	79	73	95	84	90	132	129	126	156	104	95	106	70	113	63	119	139	83	50	68	80	94	76	71	78
111	100	102	80	66	80	84	87	113	89	92	88	64	74	91	73	91	89	83	115	91	78	72	94	95	87	72	93	111	135	98	63	78	66	60	73	96	79	62	99	93	87	77	68	63	65	72	78	85	90	89	82	99	83	82	94	92	71	83	71	72	114	82	94	88	74	89	114	107	94	109	132	84	63	78	72	80	85	89	89	86	74	73	76	68	80	75	96	91	66	70	92	75	84	121	105	102	73	79	105	118	91	63	86	102	69	70	72	94	84	82	93	85	102	99	93	92	113	106	91	87	76	112	80	110	87	127	114	79	128	94	95	111	105	134	148	85	65	82	94	82	98	105	67	97	69	71	105	127	117	185	148	176	95	76	105	103	96	41	73	124	130	97	33	89	83	79	42	69	77
96	101	120	101	78	83	83	86	94	87	105	108	86	94	107	87	67	94	79	122	102	56	89	78	95	108	97	95	78	102	106	98	63	76	67	85	107	84	68	79	118	105	93	86	76	68	70	79	93	77	104	101	86	68	78	53	100	91	114	80	94	113	108	91	110	90	89	96	83	73	82	95	90	61	73	64	79	81	88	87	81	76	72	76	68	89	78	92	87	76	77	98	87	77	102	107	101	74	67	76	93	87	66	79	79	66	56	90	79	93	94	80	109	107	97	76	89	107	117	103	87	69	95	71	90	71	93	65	79	122	86	90	93	120	134	162	85	96	66	54	85	87	75	95	136	92	57	71	93	90	119	97	94	74	87	81	58	83	50	70	70	46	107	62	38	46	67	62	77	86
86	67	68	62	74	99	88	70	76	82	93	88	75	87	105	104	99	72	84	75	90	85	90	84	80	100	95	96	76	98	103	88	71	68	65	82	71	74	104	78	109	93	82	82	77	66	67	77	97	92	104	91	99	83	91	83	63	74	108	59	96	94	129	84	129	97	79	81	83	84	84	77	93	58	66	52	70	71	78	76	83	90	91	89	67	86	72	86	67	94	90	95	100	91	102	113	85	110	115	72	57	78	92	115	121	106	41	100	82	100	80	85	95	77	83	83	104	87	84	73	90	86	83	94	70	91	88	76	76	86	111	112	77	109	65	125	80	69	77	89	90	101	114	110	98	96	66	98	90	104	71	93	77	53	69	67	86	76	79	66	68	134	62	48	82	92	91	120	79	88
75	73	62	66	88	96	81	71	102	90	85	94	100	95	90	90	90	67	98	75	102	100	78	120	142	107	79	72	79	97	106	99	146	113	85	87	105	112	102	91	104	94	76	83	80	68	86	97	88	115	106	91	103	95	77	84	96	110	108	106	73	81	82	103	99	90	63	123	96	87	81	92	95	67	62	63	74	89	75	82	96	85	74	87	127	109	99	75	99	90	97	103	111	102	79	91	97	93	77	81	66	78	81	97	90	109	47	72	84	108	86	86	75	104	102	89	56	95	68	85	100	109	85	101	105	70	74	88	103	92	91	84	90	102	81	71	68	62	72	86	90	94	95	85	80	91	97	92	136	89	93	69	65	65	88	85	91	89	60	73	103	79	62	62	74	105	118	88	81	89
69	82	80	72	73	72	71	78	82	80	81	84	83	77	74	74	99	105	98	78	76	82	71	90	83	78	86	91	81	79	90	95	103	93	82	82	93	100	91	76	81	105	74	74	54	89	98	95	83	94	88	94	113	99	83	99	135	123	118	112	91	87	87	90	66	85	81	125	82	73	79	97	70	103	87	86	85	71	107	84	61	77	86	90	107	86	106	113	112	78	77	99	124	121	105	125	114	111	92	88	65	73	76	92	71	100	76	72	84	80	90	104	84	71	73	76	79	101	79	79	98	107	98	97	94	81	81	81	100	98	117	90	98	90	91	92	118	87	83	93	83	77	82	78	85	67	76	111	137	73	75	80	91	95	101	91	83	69	53	65	72	98	54	65	76	99	150	88	75	83
80	87	82	75	80	80	74	74	81	91	97	93	87	84	83	82	105	122	88	94	78	85	93	108	83	75	88	105	100	90	89	88	76	84	85	80	83	90	89	80	71	82	66	75	73	92	117	128	89	83	76	96	116	97	85	109	147	135	65	89	80	54	125	98	94	85	56	90	91	123	121	108	78	53	100	81	94	82	63	84	83	91	89	86	100	75	84	81	80	70	87	102	111	109	97	111	106	82	50	66	84	113	97	82	97	98	85	62	102	82	97	91	150	91	77	75	80	85	86	84	87	92	104	90	84	101	99	88	92	96	125	78	87	66	91	111	102	61	68	96	87	80	88	83	83	87	96	111	107	89	96	87	73	88	88	101	108	92	85	83	79	73	88	58	64	113	105	88	80	86
68	72	66	65	77	79	69	64	73	86	92	86	81	84	86	83	99	87	62	85	78	71	82	107	92	70	71	89	93	87	84	80	85	89	87	79	76	82	93	99	67	63	77	67	101	82	130	134	102	94	88	101	109	88	78	98	145	106	96	101	73	74	75	82	79	86	71	75	65	107	127	128	85	75	88	92	117	71	91	82	88	83	73	78	111	95	91	69	68	86	113	102	98	113	97	78	106	105	85	86	77	93	84	81	145	115	90	65	111	97	97	75	101	68	81	104	89	85	86	81	87	78	102	86	77	106	103	94	88	94	110	64	73	62	91	128	119	76	78	96	78	70	75	62	72	97	101	90	53	79	95	82	98	103	78	94	107	88	84	67	76	77	59	71	81	86	105	91	70	71
68	81	79	71	72	73	77	87	69	77	79	74	76	86	89	85	127	90	91	87	96	85	84	93	75	64	72	88	86	80	83	84	100	94	87	83	77	77	89	103	59	78	95	63	92	86	122	96	102	109	112	111	103	84	71	73	96	101	71	109	67	54	74	78	75	95	102	89	66	95	110	113	67	91	97	54	68	60	101	80	84	89	83	81	105	93	104	95	87	84	94	80	86	118	99	60	73	89	83	83	72	101	116	130	158	135	111	89	94	92	90	92	67	68	80	118	81	94	94	91	100	78	97	87	75	92	85	84	84	91	88	67	78	87	94	134	125	90	80	81	71	83	101	93	88	83	90	104	51	51	66	102	151	144	98	92	94	82	96	94	90	79	54	64	89	107	128	130	94	91
93	97	84	72	75	80	83	92	76	75	74	74	80	88	91	88	96	75	90	63	81	93	89	64	73	67	79	95	95	88	76	60	101	100	98	93	87	84	87	91	63	82	77	95	90	95	96	89	89	107	120	114	100	88	77	65	80	63	87	82	66	93	66	115	110	92	86	78	86	120	112	94	115	88	107	51	65	90	97	116	107	110	96	80	95	84	104	102	86	71	89	89	82	94	81	59	81	91	82	91	107	164	190	202	160	139	117	102	80	92	84	101	97	101	77	104	65	91	93	92	99	83	90	93	87	84	77	81	78	84	73	69	92	103	86	116	133	115	96	82	71	70	71	66	96	85	98	116	71	57	61	113	125	129	109	100	96	93	116	137	134	99	94	48	76	138	119	143	95	87
89	90	76	67	73	73	65	62	69	65	63	67	70	70	70	72	80	87	84	81	88	109	120	75	72	71	80	86	83	80	67	43	86	106	111	95	87	94	91	76	71	71	60	116	104	93	80	95	85	93	102	99	89	92	95	87	76	105	106	122	155	103	91	66	84	74	89	76	68	86	94	108	100	78	38	66	78	45	84	89	97	97	81	71	97	94	113	105	82	79	113	110	82	86	88	80	85	107	99	91	80	119	141	155	172	137	117	102	82	94	78	86	66	79	63	93	82	85	84	78	94	101	95	106	110	92	84	80	101	99	88	71	109	100	79	100	83	84	77	82	91	80	71	84	80	93	104	89	71	80	73	102	89	92	98	90	89	88	86	108	134	132	75	58	80	97	116	109	98	91
72	97	107	97	83	67	59	66	72	67	67	73	72	63	62	67	83	98	66	100	84	88	109	66	70	90	108	95	69	71	87	90	69	107	115	85	76	96	93	65	67	74	75	94	101	87	83	69	93	83	80	78	76	91	110	115	72	94	101	99	183	112	97	48	67	73	114	104	79	74	80	107	63	52	68	73	61	53	47	77	79	91	86	76	94	84	100	95	79	76	96	76	57	94	108	88	89	93	78	90	113	163	159	141	179	142	133	106	83	81	67	74	81	86	68	80	86	69	89	99	102	128	111	120	127	100	88	73	146	133	122	81	127	99	87	105	95	92	77	84	98	76	67	102	94	105	109	83	87	103	94	120	104	89	92	82	95	105	85	101	109	74	68	51	77	98	73	109	79	74
78	90	89	79	83	56	69	70	57	62	65	67	70	75	72	65	81	104	72	76	98	82	84	86	75	77	131	111	89	144	159	84	73	87	81	93	98	83	81	76	79	89	77	70	70	67	74	106	119	133	96	93	62	95	95	125	62	97	81	82	75	175	59	64	66	110	104	90	95	41	104	66	70	55	120	81	56	94	130	123	81	75	152	59	63	71	86	72	96	75	100	92	74	94	95	88	86	96	126	118	109	128	141	175	166	145	154	104	97	60	74	84	69	85	87	60	83	73	74	73	118	120	100	90	139	97	74	104	134	119	159	120	92	141	79	88	93	94	91	92	107	120	111	92	100	91	108	101	101	87	158	102	113	162	79	86	99	105	88	106	80	71	55	75	94	90	89	76	110	101
83	92	96	97	100	60	68	74	96	81	74	79	78	66	61	65	68	81	78	76	98	94	73	85	89	84	155	89	104	137	123	94	84	77	72	86	78	78	65	68	94	97	81	73	78	70	66	85	136	121	99	75	111	125	123	102	94	61	116	117	80	75	69	104	86	52	72	100	52	130	106	123	135	76	103	86	74	78	83	84	86	70	85	101	93	52	90	103	131	84	78	71	64	77	81	92	105	86	105	67	83	107	155	179	164	153	144	124	111	84	87	89	87	75	78	86	115	85	72	78	92	101	82	86	80	92	76	83	92	116	113	123	78	102	92	96	82	97	103	90	74	78	98	116	106	95	86	71	97	79	123	110	104	140	106	98	56	74	96	73	61	74	56	53	67	79	97	97	102	92
72	90	108	112	104	53	66	85	96	77	76	91	86	67	76	105	59	61	78	69	89	100	72	95	102	158	98	92	88	87	109	93	118	98	91	94	66	78	83	92	78	81	74	73	93	82	67	70	80	84	71	96	114	136	114	109	89	99	158	91	60	71	109	68	96	81	64	88	67	74	103	109	91	58	90	90	83	70	69	93	55	77	70	119	95	75	95	93	85	102	115	85	68	84	90	94	99	84	115	111	97	91	113	130	142	162	149	148	106	68	81	90	96	95	89	78	98	94	90	84	83	75	77	91	59	84	92	85	110	92	91	93	127	93	111	68	98	106	112	102	81	70	82	101	86	80	91	80	91	75	84	66	86	124	106	111	109	105	101	76	94	81	48	57	72	62	89	132	106	99
74	91	102	104	108	71	82	88	77	86	115	136	114	71	62	83	67	65	68	59	74	89	86	109	99	125	135	98	145	91	96	77	78	79	81	79	56	55	95	75	70	79	85	89	122	108	90	84	81	80	61	97	86	93	77	106	107	83	88	111	106	61	66	90	77	135	74	82	140	47	128	122	73	83	105	85	72	68	64	86	73	112	117	109	64	81	63	55	72	98	105	95	109	123	96	64	74	106	121	132	72	111	125	142	151	180	171	173	133	78	103	107	87	101	99	75	73	82	92	90	91	61	85	96	95	77	103	102	108	79	126	108	145	96	107	86	96	86	84	89	88	80	82	93	111	127	122	81	77	69	61	77	142	129	94	101	120	101	98	95	76	117	94	67	87	108	104	77	132	132
90	98	90	84	114	107	112	90	114	107	100	90	76	71	91	116	80	85	64	62	67	70	95	105	81	92	59	83	79	82	87	84	63	91	97	101	112	93	147	74	73	82	91	84	116	100	93	91	124	88	71	49	90	79	101	108	63	94	88	87	75	86	93	77	85	126	77	77	103	77	62	87	131	128	107	81	84	96	76	71	93	117	120	102	67	64	67	88	78	91	102	112	96	64	66	94	68	134	131	105	52	127	150	138	153	154	143	142	145	83	105	84	78	74	82	96	83	70	74	92	86	75	88	94	114	84	88	100	92	91	98	138	123	124	107	108	134	107	86	81	78	72	78	92	83	100	80	72	90	81	60	113	134	114	120	115	86	106	126	67	127	148	101	53	68	115	144	130	100	101
77	101	97	77	95	96	116	104	78	73	68	73	88	104	106	100	86	96	72	76	69	60	90	86	78	90	76	103	138	69	129	71	80	97	80	78	107	97	136	55	76	83	88	65	97	83	95	101	97	91	80	57	89	102	116	109	99	74	93	90	72	72	110	80	71	77	89	98	79	108	95	130	143	125	98	110	121	122	90	81	73	114	102	106	94	67	101	108	101	87	70	83	87	74	76	70	87	112	113	92	97	99	123	112	164	153	153	142	153	89	104	85	75	69	68	83	73	84	87	89	75	105	88	94	98	100	71	87	99	113	76	125	118	112	127	96	150	115	85	82	87	83	76	73	88	91	151	200	98	67	128	199	151	93	107	178	162	112	91	101	79	73	63	75	75	76	108	125	87	81
62	91	95	73	78	68	97	100	105	85	63	58	74	91	93	86	81	83	82	80	68	66	78	79	99	82	87	90	96	103	87	103	94	95	74	65	70	87	88	63	88	94	101	71	104	89	106	112	69	92	93	102	88	89	81	98	119	70	85	85	86	70	96	93	76	74	97	93	77	54	82	108	137	121	103	131	122	109	85	84	91	123	103	90	84	79	83	80	73	94	96	89	69	75	97	70	93	82	66	68	107	71	104	136	134	124	135	128	122	74	73	73	73	79	74	72	54	91	101	89	79	105	91	94	88	93	74	93	89	121	127	113	96	67	115	98	86	70	60	70	87	97	98	97	207	132	118	183	96	91	135	129	149	181	146	116	107	132	93	81	75	86	82	69	62	103	148	124	77	68
76	78	68	62	86	73	83	73	117	101	85	80	81	83	84	86	76	64	87	75	63	76	72	86	66	88	83	95	132	90	100	97	63	72	80	84	55	88	48	83	83	91	102	69	102	77	87	87	71	57	91	97	121	65	91	129	74	74	72	71	88	75	65	124	86	77	85	86	107	88	61	123	142	121	90	108	96	106	102	99	121	90	78	53	55	95	59	109	96	88	82	95	79	77	97	64	72	107	76	68	83	71	82	106	119	99	105	120	120	103	75	77	70	69	80	103	67	72	81	95	90	80	93	89	95	66	85	108	93	106	127	105	70	101	80	82	72	84	92	84	73	82	117	150	159	186	106	132	121	102	82	108	124	126	124	124	52	63	63	87	82	68	66	72	66	99	132	93	89	83
89	65	69	85	85	90	92	79	91	103	90	102	95	126	80	110	93	112	102	80	67	66	104	124	67	74	93	101	89	84	84	80	103	91	96	86	45	66	62	82	90	84	54	66	133	67	75	69	82	75	97	80	88	98	132	122	86	95	98	57	60	89	81	102	91	88	112	85	76	107	89	104	129	91	87	90	88	101	114	83	91	72	85	98	104	80	63	118	103	79	67	79	83	88	53	91	86	93	66	94	83	108	84	98	94	110	165	176	127	114	120	89	82	82	79	83	88	77	70	79	71	118	90	79	65	86	79	91	90	69	66	102	160	193	154	83	86	67	88	100	75	80	98	83	162	125	106	89	121	107	91	78	165	175	71	68	70	88	71	88	83	55	65	75	80	86	124	91	79	76
107	77	84	111	107	91	87	87	95	80	101	107	122	114	104	96	122	75	108	78	102	105	173	94	87	72	71	81	84	94	111	118	89	90	83	80	76	83	45	56	57	96	82	66	89	80	90	76	61	135	63	159	84	136	108	78	117	96	106	103	80	86	72	106	74	73	117	122	82	145	91	101	73	77	86	63	74	81	98	112	74	81	95	95	109	100	60	64	99	95	74	65	89	104	107	94	105	87	85	85	103	77	81	96	124	144	156	156	162	164	129	82	100	103	93	83	86	85	81	84	90	84	112	92	91	99	98	92	78	74	77	89	115	148	152	126	107	83	83	84	70	83	108	109	114	119	109	115	113	77	80	72	127	158	109	74	120	143	85	96	71	79	68	57	85	50	64	83	91	84
115	106	100	89	82	95	106	98	97	142	141	102	124	70	58	70	66	82	64	75	106	146	133	80	107	90	91	104	106	103	98	88	107	120	99	93	110	105	55	69	65	71	71	89	78	73	79	103	52	96	161	79	98	40	93	81	90	54	70	97	95	112	94	116	141	118	113	78	69	55	125	69	49	59	75	90	124	135	75	59	90	93	80	64	91	110	84	75	83	84	80	82	87	55	88	72	92	83	80	122	114	90	68	99	108	144	162	179	189	134	76	79	79	95	94	83	86	89	83	80	76	97	72	89	90	96	80	90	88	91	92	82	78	105	135	142	90	78	73	75	77	81	87	90	104	114	122	101	91	133	50	163	94	100	151	104	96	107	63	61	77	73	58	78	66	55	72	95	88	78
83	100	110	103	98	104	102	87	91	165	139	99	90	70	74	85	98	69	69	108	125	81	90	110	101	94	95	96	97	107	111	99	109	119	100	83	86	77	57	75	73	72	80	75	66	97	96	84	74	84	116	67	92	92	81	88	40	69	110	80	68	76	87	131	75	75	60	85	54	53	121	46	64	79	95	70	156	121	62	81	81	92	88	90	116	114	79	63	130	104	94	103	105	85	94	66	85	81	72	123	110	97	68	98	134	125	98	104	125	93	64	90	80	91	85	71	70	73	83	98	112	74	100	79	87	67	136	84	103	97	92	83	79	100	124	129	105	109	106	116	136	132	118	121	115	113	100	87	95	178	150	75	118	69	85	63	76	98	76	86	117	108	60	97	52	77	74	89	109	105
94	83	93	119	117	88	86	113	127	109	107	106	63	92	154	109	111	168	107	78	93	97	75	109	83	98	107	93	85	103	112	97	93	88	84	75	62	54	62	58	99	76	91	85	84	94	98	80	70	76	57	80	136	109	100	60	102	121	125	52	87	82	65	83	82	53	125	127	103	122	95	56	91	63	64	147	74	128	83	89	60	78	63	54	74	84	81	80	115	111	105	76	60	114	113	92	103	78	79	67	100	72	85	94	90	93	86	78	90	104	92	68	82	95	107	111	101	77	73	94	62	68	96	80	104	183	170	215	97	84	81	85	92	112	128	126	102	105	93	99	128	131	121	132	123	94	97	79	126	62	97	91	93	141	116	123	175	144	77	116	110	139	78	71	77	81	61	89	85	91
106	95	87	94	93	76	85	123	133	77	96	92	74	89	169	146	166	108	72	168	84	102	89	97	95	116	126	106	87	95	97	77	87	75	81	89	89	76	82	49	119	91	107	123	105	68	83	95	82	82	59	87	69	87	62	84	56	85	110	61	102	99	103	153	101	56	111	76	94	90	92	85	60	96	115	93	187	91	61	93	68	112	102	82	88	95	92	76	82	81	80	59	50	115	98	93	93	80	75	64	92	85	92	95	97	83	88	93	87	99	106	84	82	96	117	135	126	91	77	97	92	116	107	107	114	97	195	129	91	80	80	87	92	106	123	127	115	112	94	95	117	117	107	115	131	81	94	63	58	121	126	61	77	169	132	116	120	77	63	103	100	113	109	68	87	60	85	78	91	102
76	101	103	91	92	86	78	83	83	76	94	78	86	116	157	170	127	94	107	134	142	107	114	86	109	102	96	83	76	93	110	109	83	84	79	86	110	87	85	55	94	142	140	128	82	78	92	72	129	74	78	52	45	95	70	106	113	103	111	96	97	105	76	88	124	125	75	99	70	75	59	85	51	127	157	109	159	48	79	116	96	122	90	63	61	57	63	56	108	95	74	77	111	138	110	81	72	78	69	88	92	99	85	94	106	64	69	116	132	107	75	52	101	99	93	94	94	85	89	112	91	99	114	82	71	118	58	102	95	84	86	92	89	95	110	117	107	99	87	87	98	95	85	86	63	128	82	115	105	124	100	95	80	118	119	126	130	93	104	83	134	104	116	91	71	50	94	57	98	107
89	99	94	91	93	77	71	93	85	88	101	99	65	162	158	125	88	101	108	114	104	90	98	83	89	72	73	88	91	92	93	89	92	111	88	79	118	86	85	81	97	151	126	148	85	71	73	70	80	63	64	61	68	86	110	95	94	103	135	143	77	113	94	96	80	65	67	63	92	101	78	144	64	105	126	130	110	66	114	80	44	71	73	108	127	95	82	80	56	125	124	74	76	79	114	95	79	67	83	66	99	65	80	85	94	82	70	70	69	61	69	95	81	90	91	93	98	87	70	66	75	99	75	88	85	79	86	86	95	82	85	96	96	98	107	110	97	83	70	72	82	89	93	97	90	102	137	84	115	110	62	105	71	96	109	104	138	73	95	118	129	115	71	83	73	81	83	89	95	99
83	74	98	103	91	86	85	99	89	85	65	71	165	149	147	104	103	99	99	83	84	136	137	144	79	80	82	147	90	145	138	88	78	115	96	83	84	118	102	97	82	99	88	151	41	69	73	72	82	84	75	90	99	64	89	89	79	85	110	63	76	92	94	112	90	87	58	81	87	108	101	80	83	103	145	107	98	52	72	71	95	53	123	82	131	110	81	89	62	84	78	72	98	76	90	81	68	85	78	90	85	94	91	83	82	34	76	68	84	93	76	88	48	122	113	84	71	92	95	137	111	86	82	86	76	85	110	120	121	86	89	88	94	100	88	110	85	94	89	85	131	81	98	104	87	118	62	86	114	106	99	98	71	67	72	72	131	64	114	119	123	115	114	73	49	75	91	96	100	99
82	80	108	103	99	91	89	92	89	94	80	61	110	125	105	89	92	91	111	122	60	103	104	111	99	98	85	76	99	89	102	90	123	80	103	48	102	94	85	97	96	53	86	81	80	83	85	105	54	109	54	98	121	61	90	124	138	125	101	99	60	96	106	137	96	79	70	98	99	110	112	79	82	60	56	103	89	85	60	62	72	40	123	123	160	152	133	113	66	94	84	87	85	77	74	57	61	86	96	96	68	103	65	93	66	123	39	51	95	59	81	96	82	110	76	74	93	93	65	99	96	84	88	99	95	87	82	78	96	84	91	98	101	100	95	109	124	114	70	87	112	94	88	103	80	135	120	136	131	104	92	111	73	51	80	51	56	99	79	149	120	111	113	137	86	117	110	100	90	89
87	86	114	99	104	90	85	82	100	97	83	66	105	156	107	88	107	96	116	102	109	93	95	105	100	95	88	88	90	80	115	133	92	99	79	95	66	206	76	80	81	113	70	58	93	56	62	81	95	94	93	104	139	138	47	69	90	129	121	131	106	51	99	133	129	94	76	69	55	54	75	43	70	69	81	131	63	58	53	81	78	39	78	81	84	91	100	70	63	57	42	83	78	85	81	78	69	80	79	81	117	89	92	103	169	189	94	79	85	110	101	67	53	91	121	109	60	77	96	87	94	88	82	89	99	90	77	77	65	74	77	88	86	78	87	90	138	118	75	88	111	99	92	105	107	131	110	112	107	96	80	108	59	108	70	111	94	88	100	92	91	110	81	108	113	132	103	98	87	88
99	88	108	90	103	81	74	79	103	97	84	89	135	175	121	81	102	91	131	177	79	88	111	125	59	97	91	107	147	90	60	89	138	74	72	44	78	151	90	95	58	136	104	100	88	67	107	80	115	114	114	102	101	118	103	62	84	81	89	59	106	79	69	135	53	64	71	60	72	71	94	67	65	67	107	107	75	72	97	81	79	69	73	82	75	77	85	63	83	43	61	147	152	115	83	78	94	87	99	91	61	92	74	216	220	220	97	107	114	118	82	67	73	76	91	125	128	98	86	118	95	95	80	78	93	89	83	97	67	84	75	86	85	77	100	96	87	78	84	68	108	79	88	81	96	95	80	88	95	94	58	77	90	50	135	122	145	153	68	91	102	78	73	60	61	87	135	97	91	98
106	87	92	85	102	80	70	92	93	93	82	103	147	144	120	68	104	92	115	114	146	91	96	98	145	77	100	91	121	75	127	87	92	82	82	93	87	139	100	100	86	67	137	100	73	88	134	82	125	106	124	84	99	107	111	62	74	107	65	104	89	64	59	62	72	118	108	60	71	63	73	58	65	84	145	112	79	66	115	97	76	93	68	70	75	68	69	79	107	43	56	101	112	76	81	101	63	99	125	119	146	80	124	182	184	79	81	113	96	123	74	140	112	49	78	119	98	99	113	68	63	75	70	67	75	68	63	80	84	95	79	89	90	83	103	95	82	87	113	91	129	116	115	87	84	84	77	86	80	81	69	105	106	55	87	109	137	89	71	82	55	92	110	109	152	111	80	66	76	88
101	89	82	85	101	96	77	105	92	81	62	100	157	156	145	83	94	90	100	127	73	70	98	108	89	84	92	94	102	67	82	75	67	104	149	96	107	106	143	104	110	86	77	69	81	89	84	88	118	73	115	65	132	120	69	76	62	77	69	106	60	49	127	103	101	147	117	59	59	68	86	84	79	61	75	83	65	60	65	47	105	120	85	75	90	74	68	100	80	57	85	83	92	72	82	96	93	96	96	104	136	180	155	191	209	225	106	107	172	112	83	133	121	142	145	97	88	110	121	82	72	84	87	84	85	90	105	126	120	113	96	95	89	77	78	73	91	91	95	93	108	133	107	79	90	85	69	89	84	86	95	131	124	82	102	150	138	107	88	121	141	95	100	135	142	140	94	68	104	119
87	99	82	89	97	118	82	101	97	76	55	94	144	186	152	92	111	117	94	63	105	68	89	96	100	117	119	154	70	86	89	77	69	90	147	151	138	87	89	64	100	128	62	76	104	93	61	119	73	82	74	70	107	66	125	149	141	60	131	81	93	105	49	52	99	126	121	107	78	86	94	68	70	73	87	111	74	61	69	97	82	81	83	90	110	84	63	80	86	73	72	51	59	71	70	88	64	87	91	128	199	172	219	192	192	191	122	69	146	125	102	85	133	83	101	99	76	74	106	75	65	65	68	64	61	84	124	148	158	131	116	101	88	77	67	79	116	96	98	96	105	130	114	105	70	75	67	128	138	118	102	93	71	52	76	126	102	116	88	112	135	116	112	97	134	145	76	89	93	108
76	109	87	91	92	131	81	87	92	85	76	95	99	165	106	68	107	137	122	101	100	65	69	64	68	111	121	150	141	135	102	70	75	111	97	138	78	157	116	101	113	84	157	90	83	68	53	94	92	56	87	82	79	96	132	132	148	151	68	69	99	84	54	89	79	70	78	101	52	75	96	59	92	77	75	83	79	60	52	57	121	78	85	83	93	74	66	75	69	63	64	92	121	143	99	110	97	71	62	149	223	204	219	199	207	185	148	101	165	102	103	85	88	71	95	94	93	86	114	107	83	76	83	80	71	98	141	157	153	113	102	80	68	68	64	96	111	74	103	80	103	94	113	122	76	85	73	146	156	127	115	94	99	89	60	79	63	81	94	74	89	110	174	75	80	97	97	119	91	106
113	91	84	91	89	91	94	92	83	78	58	71	64	82	80	86	90	59	112	81	69	81	88	108	137	113	109	125	116	124	86	72	95	94	97	157	82	160	142	93	122	56	114	94	68	79	65	61	51	78	54	95	88	99	68	54	56	75	59	57	77	85	79	76	72	91	91	67	65	89	85	56	87	97	73	82	75	78	57	59	90	65	68	74	98	128	99	52	86	87	64	94	155	96	62	54	114	85	135	210	218	213	198	185	127	108	154	127	89	74	87	86	56	83	84	93	92	87	104	92	88	82	91	77	91	103	124	113	90	119	90	74	76	102	85	87	125	115	70	89	92	98	144	113	124	79	84	71	61	140	86	96	56	98	89	65	76	75	71	98	133	160	114	132	80	96	78	98	119	128
90	81	105	90	94	73	101	105	57	61	80	85	64	74	81	94	85	95	114	98	97	111	93	122	104	113	72	95	131	156	70	61	95	71	124	142	103	82	111	91	67	107	84	58	62	52	154	45	73	86	93	97	77	129	71	91	75	79	106	79	89	70	65	91	95	93	111	131	84	75	82	65	75	116	68	76	76	57	62	84	58	43	72	74	141	123	106	92	127	122	79	88	47	125	81	104	98	150	122	214	206	206	191	174	112	109	92	68	119	135	79	48	91	116	96	91	108	132	133	91	91	96	95	86	103	110	129	93	90	88	100	96	80	81	104	110	112	126	108	102	100	130	143	119	88	55	70	116	74	78	108	72	64	90	78	59	75	83	70	66	77	114	101	139	110	109	73	69	99	107
109	91	95	97	108	101	99	81	107	79	102	81	60	73	87	91	94	131	92	74	83	102	84	121	83	108	100	121	91	131	83	80	81	102	80	70	63	67	65	101	108	101	104	97	100	87	121	62	52	114	80	112	79	83	74	55	76	99	64	112	92	82	81	96	155	84	66	124	90	81	107	88	111	70	52	48	42	62	45	46	99	89	89	70	132	106	78	84	95	113	63	98	79	113	151	75	127	120	85	34	80	71	57	75	118	115	134	128	110	143	134	94	117	128	96	98	96	122	137	148	144	109	74	65	83	77	98	73	84	66	113	114	91	86	133	121	75	96	95	78	67	102	84	89	81	97	64	89	115	85	100	87	44	71	81	70	69	81	83	75	74	87	62	79	73	75	64	64	76	82
73	89	85	112	76	101	89	97	96	69	123	109	95	102	108	93	88	139	107	102	115	115	99	97	91	89	88	93	53	87	71	66	82	60	99	79	84	68	104	72	89	98	83	114	106	125	111	64	77	86	85	70	60	86	87	118	124	79	101	78	101	90	68	84	111	62	64	116	98	68	115	111	79	120	51	56	80	46	66	89	81	88	66	65	98	136	102	102	149	87	80	43	71	84	133	96	72	88	98	73	90	117	47	87	122	146	124	118	115	113	83	108	92	85	112	70	184	175	202	146	140	52	30	56	99	93	98	109	94	90	123	114	92	98	121	90	85	99	90	92	80	95	79	112	65	63	102	101	98	134	99	43	56	67	86	83	63	66	77	72	80	84	67	73	80	69	66	61	72	80
87	97	79	93	53	84	77	85	75	68	127	112	87	90	115	111	88	114	108	104	117	113	132	93	101	113	97	72	87	82	67	107	101	82	85	79	96	58	80	121	138	123	110	119	105	120	89	90	92	75	86	66	83	82	108	152	131	140	72	114	67	80	79	81	101	68	56	48	68	54	119	130	118	95	112	91	72	77	76	87	81	102	110	101	61	83	70	76	77	65	73	75	72	77	63	70	88	128	117	77	56	83	91	95	80	112	98	115	124	125	113	149	86	78	107	102	190	174	193	196	159	51	54	81	127	116	77	90	108	122	114	105	84	89	81	83	66	89	73	86	83	82	86	109	65	75	119	97	70	143	87	61	74	55	66	81	73	75	84	77	70	78	74	82	93	72	72	68	59	70
139	114	98	75	84	97	107	85	87	79	91	78	58	70	106	100	92	82	81	68	70	79	127	83	81	79	91	69	83	70	76	106	96	79	94	145	88	97	83	68	76	50	83	74	109	98	101	140	68	80	77	102	124	73	121	135	164	113	107	77	67	77	61	70	75	62	75	60	90	76	79	62	94	130	74	67	105	67	66	51	108	69	78	79	85	89	83	68	71	92	63	70	79	89	81	85	69	76	128	36	63	113	122	82	132	153	174	173	111	95	115	106	135	99	70	78	168	204	199	210	163	68	61	61	103	118	97	105	92	109	86	96	92	89	85	143	67	100	99	91	91	86	97	86	134	148	93	71	65	97	45	65	83	69	80	91	76	74	91	98	79	82	66	69	76	62	74	82	58	73
99	100	120	91	102	103	133	121	65	79	66	86	82	85	99	68	75	70	80	83	73	84	99	62	108	71	81	83	91	109	104	78	106	120	114	66	114	94	100	102	60	117	83	72	128	91	149	91	80	69	106	106	106	113	102	161	153	128	64	103	48	59	51	58	86	78	120	109	67	67	63	80	62	76	96	70	77	79	84	73	71	99	134	109	67	48	73	128	160	102	152	70	103	135	72	100	83	63	114	48	51	161	93	105	132	158	141	132	132	82	69	76	74	124	168	72	153	174	213	203	168	105	72	70	88	76	86	79	77	84	73	86	106	100	107	158	72	82	119	87	84	75	81	70	79	48	35	74	66	95	104	86	98	108	117	98	66	59	77	88	84	90	75	90	90	76	74	80	84	106
84	85	89	91	95	108	94	59	89	123	86	102	76	66	82	60	72	73	68	78	65	94	92	83	77	105	95	75	75	89	63	83	70	98	84	65	80	61	73	137	126	100	78	78	130	115	88	90	82	119	110	140	98	77	63	84	87	64	67	100	54	58	75	127	115	78	132	168	95	112	71	78	76	98	71	48	90	82	76	38	62	131	135	126	86	100	68	113	150	102	144	94	93	100	74	100	74	68	114	59	85	94	97	135	143	109	124	149	119	59	91	87	113	151	127	148	81	99	71	183	93	79	70	130	147	82	99	73	92	86	85	75	106	98	99	96	84	55	126	90	89	73	77	95	106	96	78	52	62	59	51	87	76	96	98	76	66	82	93	88	80	83	57	77	77	75	75	86	87	113
69	80	96	66	71	80	99	74	100	120	92	84	97	81	71	71	85	120	87	67	86	69	57	79	79	69	85	124	133	102	74	70	60	82	120	107	138	77	120	120	126	101	72	83	108	106	91	81	93	83	120	62	86	115	94	127	172	115	104	73	103	52	102	124	87	123	93	75	87	84	87	80	82	73	83	83	97	82	90	92	75	128	135	73	90	66	140	89	125	92	81	112	58	91	82	88	79	58	121	82	91	81	88	134	99	72	101	111	138	78	73	69	113	142	120	99	78	89	82	99	90	81	72	137	94	87	106	69	109	91	77	81	106	99	71	81	74	97	76	82	84	80	75	142	115	94	106	53	52	68	67	84	89	87	105	103	107	80	84	86	75	73	59	79	98	87	84	81	81	82
77	85	77	76	44	65	76	88	105	131	132	125	118	95	81	85	96	104	87	80	73	89	112	74	77	94	124	138	114	77	66	79	96	115	134	140	174	139	133	94	127	67	70	64	90	117	84	104	104	57	109	130	136	83	59	126	121	106	135	88	90	41	45	74	90	94	94	97	77	85	116	92	83	79	83	71	91	90	92	75	127	109	76	138	63	90	115	113	136	81	52	114	86	78	90	94	84	74	66	67	74	54	80	107	71	92	93	105	74	85	79	90	118	154	138	103	72	95	92	90	99	122	91	115	105	82	72	104	95	74	86	77	95	99	52	66	144	59	81	112	61	94	81	152	120	82	90	54	56	59	56	73	104	86	100	78	100	73	101	106	86	84	70	83	94	82	84	83	80	81
109	83	64	95	93	101	77	65	90	110	136	127	105	92	92	112	102	119	76	72	85	85	103	76	85	100	115	114	99	84	80	83	65	84	79	73	91	104	103	65	86	70	98	71	51	71	70	102	77	74	90	61	64	88	102	103	100	133	92	49	68	56	81	63	66	69	81	92	79	95	130	118	109	105	95	67	88	100	99	66	110	112	127	155	77	85	104	124	76	96	77	73	81	41	102	120	130	71	69	103	66	70	104	74	65	84	89	65	46	70	100	108	86	126	143	188	122	119	83	99	107	104	125	60	95	64	83	88	98	77	109	94	115	139	89	107	131	61	99	74	73	99	165	166	125	137	156	79	50	68	77	72	85	68	94	72	108	75	100	94	89	86	71	79	82	73	83	83	80	81
100	83	105	115	125	94	89	73	88	97	133	132	109	102	105	126	96	110	66	83	95	66	89	95	97	98	92	82	85	96	99	93	94	66	74	108	121	95	96	105	73	86	72	71	72	92	121	95	75	73	65	49	53	82	92	50	78	73	71	47	88	108	60	80	83	114	102	86	102	111	113	123	103	95	82	54	76	91	95	67	45	95	159	124	135	86	65	76	55	96	81	105	83	113	140	127	118	65	71	65	73	94	76	72	78	80	97	87	77	74	83	66	110	89	118	173	163	129	105	100	144	96	76	70	88	115	66	94	103	85	100	87	103	127	97	100	137	68	124	63	104	74	67	134	119	75	82	67	74	74	75	71	66	61	89	86	115	88	94	81	83	74	60	69	70	68	83	79	83	87
94	82	99	94	102	86	95	83	92	96	126	141	126	104	89	88	84	79	83	111	79	65	118	107	91	103	102	82	69	78	97	110	97	106	118	75	99	132	136	72	115	114	81	91	93	81	87	53	70	60	55	79	81	83	81	46	69	82	55	117	135	69	68	112	92	121	107	78	96	117	108	108	77	70	74	67	91	95	104	94	78	68	75	80	117	91	41	85	88	56	110	98	88	100	166	137	125	50	92	79	74	105	133	76	85	92	79	105	60	103	91	82	68	92	202	168	171	74	110	93	93	172	185	42	73	124	95	132	110	102	89	97	111	121	122	102	75	121	67	112	130	83	67	98	89	101	125	80	72	107	131	98	80	80	85	96	104	104	99	96	100	85	73	85	87	91	106	91	90	100
101	94	80	96	88	112	100	86	101	104	102	127	126	91	76	63	77	104	108	95	77	79	99	94	82	92	96	84	67	67	89	112	133	87	108	102	112	99	116	118	75	67	92	122	131	96	58	78	55	73	65	63	55	79	84	62	94	86	102	100	102	87	65	131	104	93	104	83	70	105	111	83	70	67	87	95	113	99	105	104	95	71	85	100	97	87	81	132	54	84	139	75	106	68	81	83	77	95	82	77	126	89	107	61	89	93	94	81	47	86	107	86	100	80	96	84	87	54	70	72	167	143	98	99	83	159	68	120	128	122	100	119	124	119	133	105	87	114	94	91	101	127	95	90	154	93	90	102	119	119	124	92	84	88	83	100	94	107	97	99	81	65	58	74	73	76	88	62	94	108
98	114	122	135	102	109	108	115	122	134	101	133	143	95	91	78	80	118	102	64	93	103	71	89	99	84	77	79	75	72	91	117	97	72	107	118	103	102	102	105	109	101	100	125	151	104	44	56	72	78	71	80	71	77	63	78	63	94	87	82	91	78	82	64	130	102	112	94	70	85	83	71	66	65	84	85	94	75	80	80	47	88	140	138	143	111	97	107	119	163	64	49	50	92	51	91	88	105	96	123	147	101	112	69	95	81	121	90	84	64	93	51	89	92	79	124	95	88	57	87	142	99	126	116	79	136	96	81	135	114	100	103	88	78	87	74	79	83	74	93	127	110	153	154	133	107	114	103	102	115	138	94	73	78	82	91	91	95	89	87	89	78	81	99	91	92	103	72	89	104
135	116	128	125	134	117	125	115	121	152	111	152	164	94	87	69	86	67	76	69	99	131	103	107	127	100	84	85	77	69	94	134	122	75	70	89	73	111	99	98	100	152	97	88	88	38	52	68	73	85	71	66	84	136	127	144	89	78	96	94	99	72	66	71	84	77	74	63	76	73	55	96	72	71	81	70	78	68	79	79	68	109	70	87	147	140	69	81	110	77	87	110	102	40	90	65	79	89	71	84	128	108	73	112	104	60	67	90	79	92	125	127	68	89	102	85	110	92	78	62	66	125	174	147	81	138	93	102	128	94	101	98	84	94	107	124	99	154	168	141	134	165	138	162	157	100	92	99	96	85	97	57	76	73	80	71	83	80	92	90	72	67	79	99	86	85	97	66	80	95
126	105	113	93	86	147	126	119	142	139	138	126	128	133	111	91	95	87	92	101	99	121	87	87	83	74	69	73	134	53	72	87	106	91	78	97	83	47	64	98	92	97	90	97	100	74	58	76	133	95	48	94	99	49	159	116	102	164	154	160	170	165	112	89	80	96	85	82	57	75	75	84	71	93	99	93	90	70	65	87	93	81	87	76	73	63	60	121	113	107	104	98	97	58	88	114	107	129	77	142	115	71	61	81	62	60	103	144	91	80	167	63	63	117	114	98	108	107	103	103	76	68	183	162	91	85	98	78	71	123	159	131	91	107	117	110	124	154	129	164	137	150	148	146	138	91	75	73	75	78	62	57	68	89	82	71	88	98	88	84	88	70	74	113	95	85	88	117	68	77
87	116	89	88	75	94	116	114	105	120	130	121	116	115	94	73	92	96	117	109	121	133	109	93	76	66	71	104	102	113	62	92	114	114	76	80	111	98	78	73	77	80	79	88	90	88	80	115	114	153	61	86	110	79	149	127	72	141	148	128	127	110	74	93	79	68	89	90	90	54	79	111	134	115	102	100	103	71	91	148	102	70	42	77	123	109	72	56	140	125	111	117	91	76	86	79	116	119	101	54	66	51	63	60	108	57	132	168	138	164	139	84	84	110	104	89	104	104	80	76	58	121	109	79	92	76	105	101	101	87	190	127	142	107	154	156	122	108	95	95	118	153	158	155	107	151	175	110	53	65	79	79	74	88	85	75	82	91	87	80	64	84	104	124	96	97	97	106	85	92
150	131	129	81	61	97	63	105	83	97	103	109	126	137	116	81	90	76	100	93	116	104	100	94	97	86	118	120	128	128	102	108	122	122	106	93	85	101	109	65	124	107	97	102	102	117	88	114	133	154	89	61	168	66	143	142	108	80	145	132	67	81	111	88	59	64	79	68	93	97	109	96	101	118	117	80	90	76	81	86	84	106	98	117	104	60	76	92	71	69	74	116	91	98	88	53	78	65	108	58	92	81	64	64	119	54	121	152	138	169	81	76	102	101	97	73	91	104	72	76	129	74	116	105	74	89	112	117	112	164	134	136	101	84	92	151	131	87	92	63	126	162	153	127	123	114	130	119	89	76	74	90	63	69	74	69	66	78	84	75	69	90	101	107	79	91	95	97	88	92
130	131	109	105	67	68	81	85	101	110	97	89	96	105	99	68	104	93	89	71	88	99	107	98	95	131	95	137	110	111	93	101	74	103	73	82	150	163	126	95	102	102	115	118	96	113	89	122	96	140	137	92	70	87	159	131	126	80	111	83	79	94	98	102	54	84	74	71	84	144	131	93	102	84	73	60	89	71	92	124	123	109	83	95	100	82	84	82	132	129	118	133	109	98	88	67	111	89	102	90	91	110	70	84	123	99	114	131	122	114	75	93	63	102	148	105	80	93	83	121	104	64	51	96	78	76	175	196	149	84	149	63	111	86	104	93	89	79	101	76	129	160	174	156	105	96	110	101	82	79	77	85	71	69	79	78	65	76	89	79	87	80	73	87	70	80	78	81	81	81
60	78	105	133	71	69	109	103	69	96	87	75	67	82	126	136	79	108	100	90	91	123	102	57	101	128	81	108	121	96	68	77	95	70	68	109	137	159	172	139	110	93	95	105	105	125	94	92	78	101	80	84	146	153	75	108	126	88	106	76	92	97	85	102	64	68	63	86	81	98	93	103	120	108	99	92	109	77	67	79	93	78	90	86	78	77	71	86	63	93	116	133	142	99	87	78	110	113	89	91	75	119	95	82	97	102	96	82	84	57	73	98	77	91	125	104	121	153	106	83	93	102	100	137	110	89	122	93	82	131	111	106	132	94	97	127	93	114	100	76	74	90	132	131	127	108	114	101	77	69	65	76	76	69	78	78	64	69	80	72	86	82	77	91	77	88	79	72	84	81
126	98	127	115	48	65	61	59	89	107	85	77	65	68	117	132	113	103	66	81	73	87	86	85	115	87	104	75	150	114	72	67	93	111	89	102	131	116	125	165	134	106	89	92	105	109	93	56	84	74	130	75	68	127	137	121	106	74	112	103	73	76	86	86	91	63	70	77	93	62	72	86	84	106	91	71	81	96	91	93	105	69	79	72	74	91	73	76	93	98	93	72	85	71	104	110	65	68	66	92	95	91	98	75	89	77	95	62	74	68	77	101	67	91	120	94	88	113	96	86	88	63	84	101	101	111	67	67	90	71	141	132	91	77	90	154	122	131	85	93	100	130	156	141	137	90	82	87	85	76	60	64	69	65	71	77	75	78	86	87	92	108	103	95	74	103	107	95	92	86
55	67	9	49	60	79	128	100	65	72	51	74	83	77	107	103	84	77	78	128	127	81	67	68	92	75	83	100	102	135	88	72	70	75	85	116	127	123	123	102	78	91	100	91	82	55	98	76	71	69	96	138	104	129	88	92	75	88	74	73	85	87	75	99	107	92	94	83	98	82	85	77	82	100	100	132	110	80	46	78	110	85	81	75	65	77	86	84	74	71	79	80	75	106	136	87	101	78	77	82	74	45	77	80	72	47	69	63	59	66	58	68	85	80	77	68	68	82	83	71	70	124	66	113	185	137	69	92	90	84	83	104	116	91	103	132	135	117	79	82	94	117	104	81	87	93	105	80	66	84	80	69	80	81	83	93	107	107	108	118	114	120	106	96	76	107	114	108	92	84
10	32	4	21	69	114	115	133	69	85	75	106	103	69	82	72	74	90	86	74	82	68	92	72	80	79	100	110	95	104	150	88	69	109	102	85	84	87	104	110	94	91	85	86	111	77	118	56	83	98	91	67	104	77	84	85	123	74	58	97	90	137	157	115	77	91	89	97	66	67	63	81	82	126	111	111	69	78	58	88	85	80	67	79	68	66	95	76	75	68	92	125	98	170	184	75	114	119	118	86	47	59	82	76	92	77	73	109	78	73	76	66	74	69	70	85	78	66	73	68	94	82	87	77	87	135	81	73	93	105	143	159	100	112	95	109	113	102	110	85	78	94	92	112	127	89	102	122	108	79	67	91	85	89	83	91	109	103	95	109	124	105	91	109	99	106	93	87	88	80
11	21	9	23	32	32	52	43	62	85	122	87	113	86	83	88	84	90	57	71	86	65	77	99	88	94	117	94	88	126	115	79	80	78	84	87	79	80	86	131	97	95	89	105	105	122	107	93	85	104	78	100	82	105	97	137	129	90	72	94	97	152	148	96	77	82	88	91	93	74	72	85	80	120	103	116	99	69	94	70	108	79	84	66	86	116	67	135	74	88	108	141	72	204	174	94	94	100	74	112	119	38	54	63	76	89	122	134	89	98	108	121	126	74	70	79	103	76	115	84	69	66	61	77	87	105	68	66	66	81	77	81	78	90	66	91	89	130	63	77	75	67	105	121	126	127	125	112	97	74	93	83	122	103	90	103	118	104	87	90	113	115	123	84	88	104	72	88	83	76
12	20	9	17	19	14	27	19	53	39	131	126	74	40	99	115	118	110	119	94	68	106	72	86	70	87	84	104	100	96	116	79	76	92	137	98	95	87	76	86	84	94	106	80	118	92	95	93	95	112	102	110	87	99	99	128	106	105	79	81	102	109	78	64	77	83	96	111	122	117	101	85	78	101	99	90	76	72	85	81	99	72	82	63	106	113	124	88	95	79	106	102	119	172	193	176	98	107	87	128	120	51	52	53	79	58	110	150	98	127	141	93	93	90	99	81	113	130	159	86	72	76	98	123	126	108	67	74	72	82	92	79	86	76	52	58	95	73	85	58	75	93	70	107	138	117	114	97	117	75	104	103	98	112	118	118	118	114	119	136	109	132	149	99	84	94	63	72	79	72
13	19	12	17	15	7	15	10	20	17	125	130	82	81	138	116	114	106	88	112	66	77	76	76	79	80	70	89	84	76	107	102	70	101	128	118	80	110	73	88	94	109	63	85	110	129	72	73	119	129	134	121	90	84	94	102	119	93	96	101	101	97	103	89	71	67	77	106	128	141	113	74	93	94	97	67	64	101	124	148	108	87	80	99	55	121	145	115	100	56	88	127	172	203	206	172	113	114	118	125	49	56	28	99	86	71	105	145	110	133	129	72	124	87	74	70	117	138	167	120	80	81	102	104	117	100	72	71	74	86	110	77	84	70	73	85	77	65	96	77	84	73	87	118	91	126	98	92	83	93	80	71	80	104	114	108	109	111	113	120	94	109	118	80	84	107	70	52	80	73
9	12	13	19	18	14	17	19	14	34	79	68	87	94	91	71	98	101	67	102	89	72	87	89	88	74	96	69	59	85	79	103	74	71	108	87	102	79	92	83	78	95	102	91	113	96	85	83	83	87	113	101	91	90	118	114	129	82	92	94	89	73	88	66	61	75	99	123	105	109	112	115	69	101	141	139	130	124	95	78	114	70	140	118	75	92	102	93	113	85	99	161	85	154	155	116	101	63	108	70	102	67	77	84	110	102	100	122	95	104	109	93	107	99	91	73	131	185	188	110	72	103	132	89	85	84	97	110	77	83	103	83	91	95	100	109	98	101	118	119	102	77	116	142	176	121	74	57	109	57	78	104	90	94	90	96	115	117	96	81	84	113	135	99	76	87	87	100	95	88
11	7	12	15	16	15	14	21	23	25	26	24	73	71	62	97	80	93	106	62	101	108	67	79	72	92	127	76	63	97	68	70	65	81	58	104	80	93	88	66	73	81	119	118	107	97	114	102	93	82	100	81	76	65	86	72	98	92	81	79	125	93	66	67	105	75	59	105	117	126	103	100	117	139	143	147	150	154	165	155	134	95	131	97	74	98	123	138	134	104	92	139	79	145	154	121	83	111	87	106	78	56	79	93	96	85	104	153	113	102	111	87	114	105	99	79	112	146	138	90	82	71	73	51	89	104	96	82	82	77	85	98	100	118	93	85	118	93	116	116	91	100	80	114	181	142	23	24	50	100	75	72	111	104	97	108	128	124	106	101	135	118	109	92	86	95	95	96	87	85
30	15	18	15	15	15	7	17	15	5	13	19	58	96	106	116	62	92	95	61	124	91	59	69	69	127	135	95	85	104	98	72	69	68	73	67	94	98	141	94	87	86	101	141	100	134	132	113	83	69	81	74	84	72	85	78	69	71	68	76	114	114	101	96	88	92	85	124	107	95	83	129	140	146	135	142	142	134	141	130	110	150	134	141	79	90	104	91	146	97	71	82	170	171	194	183	151	111	103	69	94	97	58	83	72	141	89	109	159	113	65	115	104	76	75	75	81	78	81	107	87	83	103	98	90	73	97	160	89	82	90	107	84	99	86	99	83	92	96	114	89	86	72	95	188	108	34	38	98	84	91	97	111	116	115	113	109	100	106	129	108	109	118	106	74	69	99	128	85	88
48	23	22	15	15	18	5	17	15	10	19	13	37	96	103	79	72	104	79	90	130	72	82	86	76	122	135	109	110	123	115	111	77	67	79	85	69	123	134	136	81	82	126	106	103	85	123	114	105	94	91	90	97	73	64	69	65	72	79	76	59	82	91	75	110	116	86	124	132	130	96	137	130	118	133	149	162	163	147	150	86	95	112	93	80	62	134	108	133	111	82	74	147	115	154	188	99	100	119	110	101	130	40	119	128	118	91	107	64	75	117	97	42	63	87	75	87	113	103	103	113	80	74	90	81	69	87	164	112	87	98	102	80	83	97	124	85	118	117	126	119	99	105	124	164	130	25	13	30	116	121	97	99	111	108	96	92	92	99	114	103	101	110	115	101	103	121	118	95	104
50	20	18	10	13	20	5	20	20	16	14	14	38	72	85	116	81	95	106	73	74	90	75	87	65	79	142	122	131	149	97	132	95	50	115	101	80	96	83	115	86	87	69	75	75	89	76	73	86	84	81	95	108	85	71	90	70	139	132	108	95	102	82	100	111	120	71	103	131	144	99	131	143	109	143	150	164	171	126	143	163	105	122	140	90	96	84	63	93	103	81	141	130	128	108	106	103	139	92	92	138	67	87	102	64	128	108	111	87	71	73	61	96	74	72	72	85	92	68	85	126	90	68	91	89	93	88	141	143	81	87	93	110	99	101	97	129	102	150	94	124	142	85	130	195	129	27	16	73	158	151	78	94	102	91	84	106	123	112	95	83	105	128	125	93	85	100	86	75	88
82	30	15	11	25	8	19	16	14	17	14	13	35	71	90	89	99	106	79	68	84	76	118	97	80	85	136	82	96	95	105	111	87	60	99	92	88	77	86	99	77	65	69	81	80	79	80	73	74	95	61	87	79	116	77	127	134	157	126	76	85	122	133	127	113	70	92	91	130	120	99	133	136	132	125	135	175	148	143	128	138	100	102	122	107	77	112	92	76	124	51	105	115	87	125	148	118	120	128	115	90	118	90	84	74	81	77	95	119	130	83	73	151	124	120	68	99	107	56	62	119	93	101	110	73	103	102	89	113	123	93	96	104	120	97	103	112	147	158	169	173	181	119	95	179	172	16	22	42	129	93	90	82	82	140	110	84	93	110	92	121	114	126	106	102	114	93	93	74	78
72	42	26	29	15	7	7	13	12	18	16	15	31	62	81	84	65	85	73	102	109	101	117	102	95	76	86	66	99	97	98	103	117	80	78	80	73	82	86	117	102	75	67	69	62	75	99	104	91	102	86	121	87	126	93	122	158	160	136	101	85	81	75	71	71	95	86	110	146	91	105	143	149	121	129	157	165	123	129	120	130	74	115	159	105	56	97	65	84	131	50	129	120	119	112	110	128	104	87	84	74	74	70	94	86	67	113	89	131	136	135	155	177	128	92	72	90	108	87	119	114	81	74	80	64	99	101	101	81	107	85	97	129	148	122	134	128	161	167	147	156	157	111	127	158	162	64	13	15	131	120	102	81	87	93	79	98	86	100	124	109	110	104	82	84	81	97	92	85	86
79	73	61	66	25	21	14	25	20	18	9	3	21	65	112	140	92	112	92	117	93	88	103	113	82	108	106	104	112	96	93	95	79	70	65	87	80	85	66	98	90	73	91	108	90	87	96	84	111	84	89	116	115	140	115	96	125	134	147	136	98	80	104	133	126	104	75	69	139	129	97	148	154	119	112	125	131	131	147	109	119	132	151	134	106	73	90	74	88	90	122	83	95	76	77	94	98	121	97	60	74	88	95	79	88	100	141	136	109	174	139	165	150	116	80	95	102	122	121	140	113	100	101	108	100	108	91	99	114	99	99	112	107	143	155	136	120	123	154	121	111	107	82	101	62	161	160	65	60	118	105	139	73	87	89	83	90	66	77	97	109	108	79	69	84	76	104	81	86	87
71	74	73	68	25	13	9	16	9	14	17	15	18	36	69	95	169	192	173	156	108	91	109	123	50	131	118	108	80	67	71	61	71	85	79	86	90	98	92	120	102	79	93	104	76	70	84	77	95	63	85	81	126	123	114	85	111	128	155	142	94	79	104	119	112	95	101	80	127	145	95	130	130	126	127	146	154	141	130	91	108	105	106	109	118	70	84	134	100	117	73	71	72	71	108	87	94	110	88	82	113	81	87	84	70	94	174	146	110	109	122	147	84	88	82	102	115	126	146	128	109	91	81	89	117	134	124	145	144	157	133	114	128	139	133	144	115	68	120	99	85	95	95	89	78	128	187	141	120	128	136	117	110	88	107	93	69	91	111	97	83	90	70	77	82	92	99	84	81	83
71	66	77	58	34	6	11	7	11	14	19	17	10	16	49	83	179	204	201	152	116	87	92	75	88	143	96	91	69	76	92	78	58	77	75	62	92	95	97	90	131	105	108	110	83	74	89	92	66	79	91	73	99	91	81	101	101	115	130	116	97	108	106	72	73	94	81	89	104	126	140	111	96	109	108	144	148	94	88	138	125	121	134	93	72	83	103	73	89	87	91	58	69	98	106	106	111	155	135	99	122	107	105	71	101	60	65	96	120	108	118	104	81	90	104	109	140	128	182	166	150	120	93	90	133	141	114	118	144	136	161	157	127	140	160	128	106	56	79	71	104	130	130	132	91	150	149	116	149	114	112	116	118	72	93	78	55	86	72	58	57	70	73	86	70	106	86	99	109	112
85	71	85	68	56	19	23	15	18	13	12	12	11	30	86	142	207	213	196	125	106	95	103	77	92	100	58	79	62	65	95	96	88	93	87	78	122	121	117	74	121	114	125	136	119	93	83	84	75	110	86	88	76	96	56	97	121	135	127	93	77	95	92	60	86	91	90	79	72	127	138	111	113	132	91	96	101	71	73	140	109	83	97	93	105	108	127	145	67	115	118	83	110	60	120	87	169	153	148	172	171	96	70	89	67	95	67	94	68	94	108	100	105	98	121	126	166	120	175	185	115	113	119	108	137	135	120	127	97	132	134	110	131	128	127	138	99	103	91	96	164	172	145	161	83	125	152	157	140	122	145	101	120	102	97	87	75	73	59	116	100	86	79	86	82	128	86	88	101	105
83	69	75	78	58	25	15	11	7	7	17	27	21	25	68	119	188	196	179	117	82	81	86	82	94	89	84	108	79	75	109	112	108	91	64	72	95	108	123	95	116	114	110	114	112	83	66	82	96	107	89	93	79	101	64	77	66	90	93	76	71	83	101	118	81	98	143	106	72	114	82	106	124	155	114	102	100	97	73	73	83	113	129	86	114	137	134	138	138	149	139	110	106	140	81	96	138	147	160	158	135	114	76	67	93	120	125	75	98	97	125	97	117	115	135	136	168	112	125	140	129	127	130	87	87	85	93	106	100	109	118	91	99	106	125	116	102	136	138	164	178	170	153	144	86	134	142	161	172	170	126	103	100	102	58	71	59	60	109	175	129	108	92	83	102	115	100	78	105	108
86	75	73	96	60	36	12	15	19	12	14	19	11	15	63	121	137	184	207	186	120	101	78	85	97	86	92	96	66	74	105	84	88	83	72	118	109	115	126	114	125	131	122	126	132	96	69	89	92	83	115	90	86	77	84	72	71	86	95	104	107	84	76	102	116	134	91	85	87	99	83	86	67	87	73	92	83	92	93	97	103	106	176	168	149	153	154	125	162	164	166	86	96	108	86	128	130	136	148	135	103	127	101	101	129	128	124	122	110	113	114	173	156	171	176	159	175	138	116	120	129	115	119	88	109	114	103	81	103	132	128	94	127	118	110	109	88	103	137	183	111	112	151	102	88	106	131	138	86	100	77	108	106	108	63	122	100	94	141	92	89	103	108	83	97	67	109	93	78	78
88	78	75	79	74	50	24	9	13	20	9	10	21	5	12	62	122	185	223	192	115	82	99	87	89	75	103	78	53	92	100	80	97	78	55	96	94	98	98	101	115	129	143	89	136	92	88	67	59	64	85	88	70	76	93	90	59	85	111	70	90	50	91	63	79	93	74	81	107	68	82	63	92	73	92	130	130	112	121	144	163	163	159	157	155	128	147	127	174	164	160	132	69	68	89	96	106	129	114	106	67	125	128	106	160	184	138	115	120	100	129	170	174	163	167	159	193	149	158	138	121	105	99	81	100	72	119	104	115	115	111	97	105	90	138	55	82	124	125	158	93	76	86	106	71	59	130	92	73	74	115	100	73	139	94	117	108	87	112	120	100	106	101	86	81	94	106	109	85	83
91	81	76	80	77	57	29	12	9	19	12	13	22	10	24	76	146	162	152	128	91	74	86	76	96	88	82	88	82	70	79	92	124	90	78	100	67	99	131	102	99	101	107	71	105	64	68	74	58	68	85	85	76	92	108	97	72	90	91	116	98	72	70	69	71	80	78	62	71	68	147	146	145	109	110	146	160	147	139	139	166	144	156	172	160	129	152	127	176	175	175	149	158	64	72	66	82	84	142	119	103	158	122	125	165	169	130	105	119	135	139	183	141	157	126	153	82	102	110	123	118	111	94	93	98	93	105	107	108	149	148	54	104	88	154	110	97	108	97	109	75	83	52	60	95	66	57	85	99	99	64	92	104	103	89	103	102	85	156	126	114	106	98	93	92	95	103	111	74	67
93	83	76	80	81	64	37	15	8	18	14	14	19	12	29	76	86	91	76	84	97	96	105	103	90	98	61	77	92	61	82	115	78	100	79	73	72	93	96	79	72	70	76	74	97	67	73	101	69	49	70	113	115	95	101	121	87	75	74	83	89	55	67	71	73	87	106	89	77	84	169	161	148	122	126	154	161	149	143	142	169	159	152	142	149	143	172	166	120	140	111	149	122	75	80	89	79	103	148	161	164	169	176	169	174	170	139	113	108	127	72	91	127	137	87	104	145	117	131	117	112	125	103	94	66	92	103	163	202	185	148	110	117	95	83	76	67	65	59	73	92	137	92	104	96	142	103	47	146	168	104	80	65	89	79	81	89	58	114	127	101	90	86	93	94	91	99	114	93	86
89	81	74	77	81	70	43	18	12	18	14	13	15	9	20	52	31	64	66	78	95	93	104	115	73	95	75	74	89	83	94	106	51	103	85	73	94	95	80	77	88	90	96	110	112	82	66	83	93	108	111	95	84	91	89	72	77	64	69	62	91	84	107	105	81	95	88	90	83	107	160	172	151	140	151	172	171	162	158	154	134	182	180	142	172	174	169	158	132	124	136	147	92	90	149	147	158	178	168	185	167	145	172	173	178	191	163	157	141	154	86	81	106	63	109	112	93	116	83	79	85	121	128	121	86	97	80	147	128	81	103	148	97	90	81	113	100	99	80	94	124	152	114	129	162	75	110	156	168	115	122	111	100	99	48	75	93	93	85	96	95	98	104	106	99	94	105	122	107	105
81	77	71	72	78	74	49	21	17	16	12	12	14	10	13	25	21	71	78	73	77	80	103	120	78	85	106	97	97	111	95	86	88	87	90	91	78	79	107	92	85	95	103	118	113	95	69	64	103	113	101	72	60	68	75	76	84	86	77	105	87	97	68	72	94	123	89	105	87	91	79	120	169	157	163	180	186	184	170	149	140	171	194	161	165	170	168	138	112	106	110	154	61	120	118	161	138	143	165	181	155	169	136	175	137	163	120	131	114	128	102	92	46	113	86	75	126	183	145	80	122	123	112	82	79	84	71	118	104	52	90	86	95	107	107	87	81	93	67	107	155	168	165	177	113	107	111	168	132	109	88	110	150	94	67	92	65	90	102	84	88	111	124	108	84	80	95	109	89	88
73	74	71	70	77	78	56	28	17	13	12	14	15	16	15	13	20	64	76	80	87	97	118	118	112	84	103	101	104	120	106	117	110	94	88	90	84	65	96	106	60	69	78	87	89	89	77	65	73	57	61	91	95	63	66	111	102	80	90	97	80	40	8	18	18	83	79	115	107	105	82	154	156	160	174	182	181	184	179	162	167	121	164	163	133	147	180	149	143	102	135	110	155	114	101	159	171	174	128	132	98	117	116	153	127	147	104	118	105	108	103	89	89	90	86	146	137	125	125	75	85	92	106	91	102	80	68	81	73	104	129	94	83	89	87	118	99	106	72	104	142	143	149	139	106	77	90	153	109	70	76	93	127	91	108	90	77	71	93	91	78	105	116	94	70	72	92	107	82	80
68	75	75	71	78	83	65	38	16	13	14	15	13	17	20	13	32	50	66	92	103	108	116	97	129	106	83	87	115	119	119	150	124	115	98	95	108	70	90	119	72	68	74	69	66	63	67	60	56	81	93	99	108	97	80	81	69	40	85	51	72	13	23	32	27	82	101	102	88	85	102	174	155	172	191	188	178	186	194	185	153	98	130	139	137	145	162	151	166	136	119	120	159	116	66	118	88	141	98	136	131	110	122	101	102	101	90	106	115	118	102	87	80	91	96	87	89	243	90	74	78	82	83	79	86	79	108	120	117	117	94	99	83	85	56	81	98	103	90	83	96	112	115	97	75	87	66	71	108	67	67	90	127	91	93	79	124	128	97	80	87	94	94	81	71	79	102	122	88	87
66	76	78	74	80	87	71	45	16	14	17	15	7	13	21	15	22	18	36	81	100	109	126	111	118	135	81	87	135	119	113	134	143	91	96	101	76	57	113	108	74	63	75	69	69	61	81	84	86	96	97	108	124	111	95	106	22	29	64	35	27	17	10	17	19	66	126	111	98	82	112	146	175	176	177	171	173	190	187	162	164	139	105	68	124	142	136	172	131	116	111	131	151	121	98	96	92	106	94	76	94	106	103	106	109	79	88	94	121	134	102	94	98	84	61	78	89	93	105	89	83	79	64	90	104	109	134	121	127	78	89	76	84	79	123	103	85	96	113	65	51	85	84	73	75	103	65	78	60	115	121	94	129	68	76	95	83	139	116	78	88	71	56	53	54	60	81	103	79	84
70	81	77	65	70	85	76	51	44	22	8	13	18	15	14	19	4	31	30	85	95	78	119	104	81	95	76	82	90	94	133	147	111	92	90	91	101	66	74	76	105	90	83	66	84	94	69	88	108	144	149	137	134	146	124	49	16	24	61	58	49	49	22	20	74	92	102	127	126	137	103	113	156	165	180	177	154	177	161	184	167	168	63	99	112	172	171	163	149	151	123	117	121	77	98	76	81	88	103	83	91	111	107	124	123	119	94	74	105	118	86	87	62	83	105	108	69	84	78	83	70	88	101	100	140	122	85	122	100	82	91	94	82	93	82	66	107	70	89	62	70	75	71	84	105	104	73	96	123	81	116	109	109	97	80	76	97	119	114	94	94	88	88	78	52	46	71	94	117	88
73	81	79	70	73	84	80	66	51	29	12	10	10	7	11	19	20	15	26	50	63	77	103	115	123	111	104	106	84	73	89	86	127	111	107	105	111	67	71	93	151	133	88	73	93	101	102	106	122	161	139	124	143	126	84	48	35	37	44	99	102	93	104	30	98	112	112	72	80	99	104	146	162	168	167	167	150	167	158	170	181	150	135	158	162	190	156	188	143	159	130	119	148	109	97	83	71	84	99	121	129	146	96	89	106	93	79	74	98	95	75	102	111	94	141	134	95	92	126	72	94	74	104	118	107	152	108	73	82	122	147	143	86	54	86	95	64	120	140	88	100	142	151	149	148	108	81	96	99	53	60	84	103	87	79	86	91	92	101	114	91	83	87	91	80	74	76	75	97	86
69	73	74	70	68	71	74	76	13	8	11	21	25	19	12	11	51	25	58	56	61	88	79	104	109	118	106	96	113	99	73	102	123	116	118	125	135	88	90	143	148	132	76	84	109	105	110	90	116	115	123	134	112	98	99	65	78	91	110	107	103	108	110	119	85	67	134	115	126	153	154	122	155	165	153	160	152	160	166	166	160	168	156	174	171	167	172	147	106	131	110	97	147	125	84	77	87	109	98	113	105	139	82	64	80	72	82	95	100	81	85	149	93	109	106	117	149	111	109	91	119	86	129	105	109	88	77	77	131	146	126	135	116	88	123	102	146	134	123	119	88	102	132	121	106	92	87	71	49	50	42	67	94	85	81	83	81	81	96	117	100	86	82	85	83	89	97	94	80	84
67	68	70	71	64	58	66	79	30	18	7	9	20	32	40	45	42	6	24	9	20	74	99	147	127	104	120	107	95	111	99	91	136	136	140	148	150	96	83	153	152	119	80	103	129	116	103	83	80	71	109	138	98	104	152	132	112	77	138	129	72	92	99	81	112	91	109	66	112	142	128	136	138	162	155	167	162	157	178	173	160	172	135	152	141	137	157	100	98	110	102	89	124	125	85	73	85	122	99	74	54	97	74	58	77	63	77	100	108	91	95	152	169	122	72	128	114	103	117	93	88	141	100	112	116	109	94	190	168	166	140	135	129	101	124	107	80	160	143	143	117	94	104	127	136	151	145	107	48	55	45	53	88	92	87	74	76	91	101	99	101	89	82	74	67	81	100	104	100	98
75	73	77	80	70	58	63	79	64	50	33	26	34	45	46	42	20	13	25	25	21	40	65	86	77	113	108	80	129	150	110	133	121	126	138	151	153	110	81	148	150	86	64	75	92	89	64	68	80	99	99	102	97	95	117	124	56	96	84	91	83	65	97	100	41	21	96	104	82	113	136	135	124	155	161	168	158	139	160	154	184	147	142	157	126	135	102	106	102	92	92	82	77	93	78	57	53	90	91	74	67	74	68	56	84	57	60	80	104	104	89	105	112	91	63	139	152	148	139	92	92	144	126	98	128	76	97	69	68	69	89	84	101	88	101	109	162	153	109	125	80	81	119	90	132	133	116	116	63	49	59	69	83	93	93	81	78	88	95	93	86	80	80	77	74	84	89	78	108	91
78	76	81	85	76	60	58	68	57	54	47	41	42	39	23	4	16	16	3	8	8	26	80	95	100	117	132	122	132	150	130	105	88	94	116	136	143	128	88	133	139	82	83	86	93	102	81	90	105	102	89	90	87	89	99	78	101	90	92	76	27	24	55	45	55	80	103	94	97	86	86	121	108	129	145	138	130	107	116	109	144	154	146	162	120	114	98	98	90	76	73	76	47	65	75	53	51	67	78	96	102	68	59	57	63	56	71	77	87	97	93	101	134	138	85	66	132	129	130	111	96	79	68	122	56	95	151	64	115	91	97	70	95	78	74	82	68	99	69	89	84	50	79	120	134	129	108	100	64	61	76	57	76	81	92	96	82	68	78	100	76	67	66	73	90	111	107	81	100	81
72	72	78	83	77	62	52	51	59	54	36	14	7	15	17	12	11	17	14	23	15	10	26	15	42	96	90	103	157	149	123	132	93	92	111	123	122	128	73	86	86	75	86	90	89	103	103	86	99	77	80	101	89	93	109	73	42	33	41	30	76	94	32	40	105	99	108	103	125	110	129	95	95	93	112	99	111	103	98	89	86	147	122	126	106	81	111	86	104	110	88	105	79	80	93	82	63	83	73	96	86	64	57	62	52	57	82	79	73	87	97	111	132	99	102	91	100	115	145	113	73	61	134	180	165	153	163	68	106	108	107	72	83	51	93	125	107	96	73	63	61	76	124	109	72	78	106	75	52	73	87	65	66	70	80	87	77	65	73	91	72	64	61	66	87	118	120	95	108	104
70	71	77	84	81	67	51	42	54	59	49	25	11	14	17	13	18	11	14	16	13	17	18	7	16	52	47	84	124	104	98	104	86	81	102	112	113	138	80	73	75	101	99	96	86	104	131	90	87	100	77	77	79	39	19	28	32	59	43	63	94	92	96	90	186	183	147	102	166	131	151	104	92	70	92	79	114	126	114	105	89	91	106	84	98	73	82	112	128	153	110	130	114	93	94	92	50	102	78	85	50	64	63	65	73	54	61	61	68	88	84	80	121	109	77	80	74	71	53	103	79	138	140	112	160	180	87	58	94	114	101	86	109	63	124	142	164	127	118	133	133	72	96	143	114	97	168	130	81	62	56	74	58	67	68	64	68	80	79	70	63	68	73	72	77	97	99	77	102	117
68	87	76	82	72	53	63	48	38	58	66	60	29	11	24	17	14	14	14	15	15	16	16	16	22	24	41	78	103	91	80	92	103	91	107	80	93	109	70	97	105	101	93	66	86	133	131	119	102	28	49	49	63	84	92	75	87	91	85	138	134	166	165	195	180	175	182	179	177	90	152	99	62	38	33	109	61	83	64	85	89	100	94	99	119	111	112	147	143	166	119	119	116	75	92	108	112	63	79	78	51	52	58	77	70	76	68	69	69	84	74	62	142	125	82	74	45	93	115	164	88	104	130	64	116	93	100	89	62	85	80	98	133	103	76	114	144	140	123	91	110	77	130	140	138	131	120	94	81	73	67	88	116	121	99	85	77	78	92	83	65	77	95	68	79	69	68	65	111	84
19	47	71	66	66	74	59	41	59	72	75	71	38	11	16	7	14	14	14	15	15	16	16	16	17	14	21	48	69	65	67	87	86	76	92	131	105	78	97	76	82	151	102	118	122	40	33	30	28	123	43	46	89	90	131	92	101	155	187	178	166	181	183	170	177	163	125	143	104	74	98	71	19	22	18	57	24	32	76	90	99	100	91	91	102	103	110	134	143	165	138	111	113	110	112	124	67	70	66	62	79	77	72	106	50	59	51	92	78	98	74	81	88	84	63	70	65	104	107	122	83	109	65	89	105	48	119	119	72	126	111	70	86	94	78	81	93	98	88	104	93	109	103	136	140	135	119	114	88	91	144	158	167	149	102	79	82	99	122	115	111	118	126	90	95	105	118	106	65	97
61	64	91	71	62	70	39	36	71	75	74	75	43	12	17	12	14	14	14	15	15	16	16	16	20	15	12	23	35	31	37	61	72	102	133	107	93	95	73	74	99	157	93	129	144	70	99	107	114	110	136	105	68	173	174	113	164	158	174	156	169	136	133	114	101	80	77	82	65	36	48	28	10	16	8	14	20	20	97	85	95	96	105	110	104	102	103	98	135	161	150	97	98	127	119	121	65	63	70	87	88	97	119	109	71	56	74	94	109	81	80	87	83	86	84	85	63	56	65	87	110	90	72	115	140	167	144	118	74	121	107	70	90	116	112	109	112	89	95	85	86	87	67	100	77	72	89	129	84	75	139	98	100	102	87	93	108	117	124	106	110	109	123	111	107	110	121	96	99	112
38	26	50	69	76	73	66	89	72	72	72	75	43	10	18	21	14	14	14	15	15	16	16	16	18	18	15	18	22	15	19	39	76	132	167	106	95	112	72	83	131	133	132	123	98	88	92	76	109	197	121	145	188	165	179	175	179	106	88	95	129	79	73	72	74	61	85	82	64	28	16	6	24	23	27	17	33	34	92	83	91	97	126	138	121	121	123	102	131	168	158	111	107	135	140	132	91	73	77	112	105	110	142	110	94	91	68	118	81	92	63	91	65	71	63	67	94	117	124	100	100	69	100	85	67	153	130	152	66	109	122	119	139	143	106	71	102	78	81	78	93	85	79	104	122	155	106	102	126	92	83	97	84	95	86	88	87	84	94	85	129	108	116	134	123	119	137	120	126	121
25	24	25	55	54	24	25	28	60	66	73	79	45	7	13	14	14	14	14	15	15	16	16	16	10	15	15	16	20	17	21	39	87	127	148	167	123	94	124	87	116	104	130	96	76	123	142	160	162	140	195	189	165	115	83	130	116	87	71	74	87	80	77	76	82	79	69	103	54	67	17	30	22	18	48	31	22	27	49	82	69	73	109	122	101	111	129	114	91	136	120	105	96	100	131	117	103	99	69	99	131	113	114	118	95	82	90	84	95	74	82	83	69	112	96	63	74	109	113	51	160	150	115	123	85	89	142	127	98	121	112	77	79	109	107	77	72	87	56	111	95	108	91	111	132	107	99	93	80	85	94	92	108	115	103	103	98	91	98	90	96	95	110	148	140	138	149	121	84	113
3	22	7	20	21	11	28	10	29	44	60	73	47	16	18	11	14	14	14	15	15	16	16	16	15	21	16	11	14	14	19	34	86	122	134	138	117	102	114	97	86	100	94	97	120	118	109	125	132	89	146	135	127	89	69	123	96	90	72	77	72	88	86	92	86	76	67	95	84	83	38	35	27	5	30	18	11	26	15	59	61	66	105	125	107	108	121	109	100	138	121	126	112	98	136	121	118	88	70	96	108	93	92	91	82	95	75	107	77	104	76	83	90	121	103	94	64	60	96	106	64	138	142	166	123	93	173	134	80	81	93	92	75	71	78	76	100	115	83	105	99	86	93	97	83	83	110	112	100	100	95	105	91	99	100	123	136	128	117	93	82	109	121	164	165	176	186	153	104	91
20	26	17	9	10	18	25	18	7	21	32	46	34	20	25	11	14	14	14	15	15	16	16	16	17	24	18	10	12	12	12	20	72	104	111	81	99	113	84	101	127	111	68	79	109	100	100	105	126	102	88	85	92	74	70	95	107	82	60	77	76	79	76	89	104	96	104	101	112	59	33	11	30	5	11	4	20	27	12	29	16	20	57	88	83	77	78	68	95	112	109	113	104	101	122	113	113	63	79	95	73	79	87	70	90	87	91	94	101	94	87	80	168	132	74	119	98	72	95	135	97	118	128	123	116	142	135	83	119	73	74	97	73	48	65	89	99	96	102	68	94	66	97	99	111	93	123	139	89	82	108	80	105	102	87	99	110	107	107	92	89	107	100	159	167	167	186	187	168	90
17	2	21	20	21	23	3	17	11	15	11	17	12	11	22	5	14	14	14	15	15	16	16	16	4	16	16	13	19	19	14	16	59	61	57	113	112	83	112	89	86	56	81	98	88	103	109	91	95	73	77	95	61	74	78	83	81	77	77	84	86	82	80	82	75	97	85	105	73	38	14	18	13	17	23	10	27	9	17	18	17	13	38	74	88	93	101	103	84	84	102	101	103	125	130	128	74	68	79	69	78	89	72	91	89	84	71	98	90	99	83	89	131	125	69	111	82	72	87	108	54	52	73	102	91	110	94	103	108	68	71	92	86	87	92	78	63	72	90	69	67	77	64	84	67	106	88	114	127	91	91	81	98	100	89	93	93	87	100	98	84	104	125	243	254	192	172	187	173	112
18	22	19	18	15	5	7	26	13	30	2	12	29	7	12	20	13	13	13	13	13	15	16	16	7	24	19	8	14	13	10	22	47	77	88	73	81	115	129	118	84	62	117	135	109	70	72	80	84	100	76	74	90	79	74	80	76	109	126	83	73	97	85	84	87	74	55	36	24	18	16	15	16	16	16	16	16	16	16	16	23	15	23	53	80	87	84	82	79	95	79	88	95	79	77	61	60	70	59	89	79	83	86	94	101	70	130	134	78	104	62	149	156	79	119	101	84	73	54	61	100	97	89	87	97	109	107	95	99	96	74	87	68	87	88	61	89	110	79	84	84	92	73	69	148	139	122	113	108	92	81	89	96	81	87	84	111	105	109	97	81	73	135	155	165	181	130	100	92	73
47	33	11	11	35	42	26	13	7	17	26	13	8	20	15	0	14	14	13	13	13	14	15	16	22	12	10	23	24	10	23	60	58	49	49	64	78	89	106	123	93	71	80	123	91	109	82	82	73	84	94	88	74	109	142	98	125	143	155	127	118	112	64	39	40	34	25	19	17	17	17	17	16	16	16	16	16	16	16	16	10	9	25	55	72	64	47	36	15	61	68	65	59	58	85	94	62	74	57	72	65	77	81	80	83	87	159	93	136	116	95	136	158	146	141	115	94	72	75	86	98	100	103	104	98	91	92	97	96	62	89	79	76	85	75	104	99	107	96	96	83	91	78	89	66	82	88	83	80	79	83	93	103	98	104	91	99	88	100	101	82	81	108	121	118	124	111	89	92	77
127	53	42	111	116	34	14	78	46	2	25	25	10	24	18	20	16	15	14	14	13	14	14	15	13	7	10	15	17	28	39	39	33	13	20	60	84	82	89	109	114	65	89	75	89	74	100	105	100	91	111	132	111	127	164	135	138	154	168	148	121	79	24	7	15	14	14	15	16	17	16	14	16	16	16	16	16	16	16	16	18	13	18	31	37	30	21	18	22	55	50	37	39	51	71	72	75	88	69	74	73	95	109	105	97	72	138	62	114	110	134	77	107	162	125	118	109	89	104	107	99	95	98	100	89	74	76	89	94	89	69	77	98	63	99	102	91	78	90	87	73	89	68	75	76	81	79	77	86	94	83	65	87	93	108	102	105	94	99	97	92	99	97	103	92	89	106	93	111	103
113	132	128	106	99	106	123	142	138	52	14	9	12	17	6	7	17	16	15	14	14	14	14	14	13	9	21	34	45	66	58	19	7	6	15	36	58	69	72	72	94	70	85	113	95	97	97	128	147	146	145	175	182	158	163	175	154	156	153	136	104	56	22	26	15	15	16	19	20	20	17	14	16	16	16	16	16	16	16	16	27	18	12	12	13	14	18	25	15	22	13	15	41	65	76	78	86	92	77	80	83	98	124	130	125	126	119	145	77	146	135	82	96	145	102	110	99	89	97	92	111	100	90	86	81	76	73	73	95	133	74	77	89	51	102	78	89	63	91	85	87	120	87	69	54	75	98	96	78	74	86	94	120	114	106	96	99	98	98	92	104	105	105	101	91	88	92	90	77	72
124	121	121	133	137	124	130	159	154	137	62	16	10	11	26	30	18	17	16	15	14	14	14	14	15	0	18	56	63	55	42	23	17	19	13	6	13	30	39	37	92	82	89	106	111	144	146	162	139	151	142	153	163	151	151	152	159	133	96	79	63	28	10	14	12	12	13	15	19	20	20	18	16	16	16	16	16	16	16	16	15	15	18	21	21	18	18	21	23	23	23	21	23	21	30	58	83	78	68	74	74	68	99	119	87	106	136	114	129	74	97	75	105	109	97	113	90	89	92	106	125	126	115	95	86	86	78	64	99	122	98	74	59	68	66	80	81	64	99	85	101	147	122	94	68	66	86	99	83	73	87	99	81	90	96	104	104	102	85	70	102	89	104	87	84	91	65	79	113	102
119	130	133	135	138	129	121	126	139	133	53	23	29	9	7	1	17	16	16	15	15	15	15	16	18	22	35	40	29	21	18	11	20	16	12	11	9	10	15	22	66	81	114	73	114	142	169	154	173	157	156	174	159	151	173	165	173	156	110	82	56	22	20	27	17	15	14	14	16	17	17	16	16	16	16	16	16	16	16	16	13	16	20	23	22	20	18	18	6	3	16	20	19	13	21	65	75	66	63	72	77	56	87	106	96	94	91	132	120	96	97	91	89	77	113	140	116	96	83	116	128	146	144	116	96	93	85	70	113	112	65	71	67	83	80	78	73	77	109	91	112	148	147	134	113	68	62	88	94	90	83	67	75	103	122	138	128	127	108	97	91	77	99	77	80	94	67	98	126	106
112	135	131	110	112	133	149	158	138	161	163	132	68	11	12	39	16	16	15	15	15	16	17	17	48	67	56	22	11	20	18	8	10	10	15	22	22	16	13	15	5	54	75	95	92	141	106	96	145	149	147	159	151	138	157	167	148	157	119	83	43	6	13	19	23	21	18	16	16	16	14	12	16	16	16	16	16	16	16	16	19	19	16	14	14	17	20	21	35	22	26	18	19	16	6	34	69	63	63	68	81	60	82	84	102	57	66	93	104	91	115	82	95	89	120	143	147	90	57	95	129	138	137	120	109	110	108	101	129	131	74	76	78	88	123	86	87	97	116	112	142	145	150	146	71	51	67	84	70	70	86	85	101	111	98	95	78	96	94	96	90	98	108	90	83	80	76	115	139	119
89	129	140	127	136	151	138	114	151	125	138	123	118	132	70	0	15	15	15	15	16	17	18	18	68	56	25	10	19	14	6	19	15	19	16	7	8	17	17	9	25	6	15	27	85	104	90	82	68	163	148	113	146	156	149	161	147	156	113	81	56	28	26	11	15	14	13	15	17	18	17	15	16	16	16	16	16	16	16	16	14	15	17	17	18	19	18	15	13	11	24	12	18	30	25	52	63	60	57	52	68	48	59	41	44	62	69	60	99	71	74	83	98	96	88	105	157	98	71	115	136	123	111	111	123	134	139	138	136	141	167	80	55	99	126	122	88	91	95	111	154	127	120	112	74	59	75	85	71	82	97	81	78	90	86	108	113	139	120	106	100	130	124	106	79	48	63	99	84	72
91	113	121	130	124	122	150	162	133	131	141	156	142	127	98	23	15	23	25	16	13	23	37	44	38	27	14	11	15	19	17	13	15	14	14	13	13	14	14	15	17	14	14	33	71	102	100	82	86	114	131	132	174	157	139	135	147	126	129	132	71	37	14	22	26	7	28	6	17	11	9	19	15	17	17	16	17	18	16	13	16	15	17	20	22	21	19	15	23	20	11	29	19	7	43	56	77	59	57	18	10	35	27	40	64	10	59	79	75	58	74	88	88	83	77	95	107	86	80	108	134	157	162	140	88	148	129	119	134	109	111	100	56	94	113	139	104	97	93	82	104	99	71	110	105	70	73	93	82	75	84	83	76	110	145	109	135	143	123	112	129	137	109	98	92	71	73	53	50	57
45	68	95	126	121	109	125	126	121	127	138	148	129	118	105	51	13	7	4	14	35	52	55	49	25	18	11	11	15	17	14	10	15	14	14	13	13	14	14	15	13	12	9	11	26	52	75	87	76	118	118	124	147	169	148	144	80	99	90	107	87	89	71	19	28	9	27	11	24	20	16	21	22	22	20	17	16	15	15	14	20	17	18	13	7	14	20	13	17	22	18	29	21	25	70	86	71	70	53	29	11	8	18	23	23	29	67	69	86	63	66	114	82	77	72	77	75	79	70	90	76	112	134	108	92	120	116	92	128	97	95	95	57	71	84	125	102	79	97	96	88	86	109	129	104	106	87	81	102	101	78	67	98	92	126	143	105	130	120	111	123	89	131	102	91	99	78	65	77	84
52	51	68	104	108	105	116	99	111	105	104	119	119	112	89	27	45	33	28	41	56	54	33	14	13	12	12	13	15	15	12	10	15	14	14	13	13	14	14	15	10	13	16	15	10	13	30	47	34	89	106	89	112	139	144	139	115	76	87	101	88	99	70	90	51	30	30	13	19	14	9	12	15	15	15	14	14	14	17	20	19	8	17	23	13	17	28	22	23	29	21	13	7	32	88	108	73	57	85	51	24	23	0	24	23	10	26	56	105	79	41	52	94	91	80	61	65	129	102	70	92	72	85	115	171	130	107	73	88	101	99	73	50	79	87	100	84	82	73	68	95	70	76	80	65	88	79	97	139	101	58	91	90	99	105	122	118	133	107	117	158	114	153	117	127	93	148	96	74	80
79	58	50	73	90	110	119	81	100	124	139	141	116	104	114	97	105	82	57	41	29	19	15	16	11	13	16	17	16	15	14	14	15	14	14	13	13	14	14	15	14	12	17	25	24	13	8	12	9	35	74	35	100	101	132	109	118	142	115	137	118	104	106	75	90	78	74	66	65	58	52	51	16	14	15	16	16	14	16	20	30	9	18	31	19	17	24	15	10	24	32	29	28	53	81	79	58	83	78	95	68	18	26	18	19	8	60	107	88	40	27	33	103	36	34	77	74	88	55	74	87	99	81	67	131	127	129	76	116	105	100	104	86	58	58	97	93	78	77	75	83	77	108	60	78	138	114	67	92	110	105	129	79	102	111	98	147	145	128	117	126	128	97	142	95	120	146	124	71	74
79	74	56	55	68	97	111	72	117	120	111	115	118	123	134	118	94	82	63	43	25	14	16	23	16	17	18	17	14	13	14	16	15	14	14	13	13	14	14	15	18	9	8	17	21	18	18	24	21	8	30	9	87	87	115	89	146	107	129	164	164	152	94	123	84	85	80	87	83	77	74	73	29	23	20	22	20	15	13	15	23	17	19	23	37	76	99	87	53	46	46	42	51	80	89	78	67	61	99	93	70	46	6	24	20	42	78	93	46	8	17	36	20	19	52	72	59	89	87	97	78	98	88	98	99	63	87	116	68	105	107	75	66	70	75	66	87	144	95	45	83	71	82	101	80	83	82	99	119	100	81	96	89	88	127	136	141	136	151	112	144	115	147	103	109	90	73	73	77	75
101	115	85	53	46	66	95	92	109	143	153	148	121	101	114	120	86	79	62	41	26	20	18	15	18	17	16	13	11	11	12	14	15	14	14	13	13	14	14	15	11	12	14	15	13	11	17	25	20	14	17	23	39	56	78	92	71	144	135	145	152	179	182	141	134	124	90	88	73	73	80	83	33	20	12	16	19	16	15	17	7	23	17	11	55	129	171	173	134	95	79	73	85	104	92	77	62	86	70	94	75	23	35	17	68	98	39	10	23	25	4	12	32	18	37	70	67	37	40	55	99	132	105	78	65	91	90	70	87	87	97	107	103	73	97	113	90	109	93	67	50	66	86	79	140	133	114	106	133	159	128	68	89	104	116	161	134	113	108	121	112	110	114	106	116	114	112	126	81	74
119	136	96	59	51	52	80	111	97	117	117	127	129	111	97	79	123	113	80	34	8	13	24	27	17	16	14	13	13	13	12	12	15	14	14	13	13	14	14	15	10	17	20	17	13	12	10	8	9	18	23	29	7	18	40	66	36	91	136	147	152	180	155	169	167	150	97	96	78	77	76	71	47	25	8	10	16	17	17	20	15	25	21	38	85	115	140	179	172	118	109	120	131	124	79	56	68	80	98	102	86	64	51	52	104	123	38	6	19	24	9	25	6	26	26	38	92	88	104	62	152	98	54	49	53	82	75	75	73	90	98	76	64	63	103	81	85	92	91	100	78	96	81	97	183	165	158	176	184	147	89	56	95	121	100	139	142	108	87	120	121	106	102	82	110	65	139	114	82	75
95	112	78	67	78	59	67	104	79	102	104	119	136	137	149	151	100	123	121	81	43	28	21	12	16	15	14	15	17	17	15	12	15	14	14	13	13	14	14	15	20	18	10	4	11	23	21	10	17	7	19	11	18	12	24	12	42	88	84	94	117	158	163	165	171	169	135	163	156	147	124	97	81	49	21	15	18	15	14	16	22	15	31	104	154	121	126	209	209	125	94	96	112	117	93	94	62	99	110	135	123	91	99	85	110	78	14	31	22	17	16	20	22	26	10	32	95	45	72	47	74	60	87	78	65	83	80	81	77	75	89	90	85	82	143	134	141	101	133	155	49	64	70	86	168	199	200	186	180	151	127	136	124	104	105	124	142	122	137	98	124	82	100	100	58	82	89	88	64	57
77	82	96	100	55	79	81	50	89	86	94	100	117	130	166	117	108	128	145	104	103	94	21	15	18	13	27	9	17	16	27	13	14	14	14	14	14	14	14	14	19	15	12	13	18	21	21	19	15	15	15	15	15	15	15	15	8	40	63	59	59	93	147	186	156	176	177	162	170	177	155	131	99	81	13	17	8	33	4	20	21	13	35	90	125	122	179	117	129	76	89	95	96	126	107	71	75	86	109	159	136	108	84	106	121	80	62	19	26	20	14	11	20	19	26	33	37	48	48	33	41	93	29	88	82	61	122	89	75	112	88	69	100	129	134	106	118	109	127	70	70	114	101	157	177	173	185	187	192	125	106	125	118	90	87	106	160	146	122	96	100	84	77	75	69	71	75	70	85	100
86	76	76	79	67	88	85	54	49	103	86	83	109	117	119	125	155	143	144	129	128	152	114	35	20	17	19	12	21	21	18	6	14	14	14	14	14	14	14	14	16	16	16	16	16	18	20	22	15	15	15	15	15	15	15	15	18	17	12	15	39	76	103	111	116	159	169	174	167	165	180	159	125	81	58	0	28	1	33	30	17	28	29	90	94	85	121	151	119	94	102	132	128	111	89	49	91	114	154	148	142	106	106	103	82	102	73	40	31	15	27	15	26	13	7	7	11	25	28	14	73	55	83	69	87	115	91	98	101	118	91	78	78	58	119	158	130	105	108	73	85	119	94	108	135	173	176	121	121	116	113	95	88	88	117	137	129	87	78	86	91	98	102	93	82	84	82	67	63	79
84	75	78	81	98	95	81	55	46	100	98	102	88	119	138	154	134	159	149	146	140	115	114	121	50	83	15	34	23	0	34	11	14	14	14	14	14	14	14	14	13	17	20	18	15	14	19	23	15	15	15	15	15	15	15	15	19	20	15	14	29	58	80	88	80	117	168	177	158	164	174	165	163	124	87	43	28	15	19	4	12	17	18	37	123	121	107	103	140	128	103	128	121	80	76	57	98	102	119	111	133	125	125	106	128	134	95	110	112	63	24	13	19	19	26	25	17	20	26	20	36	43	81	63	85	95	106	107	135	108	95	83	74	105	56	84	101	88	96	87	89	106	96	88	138	149	133	88	90	97	103	94	80	66	74	103	102	104	91	72	84	106	112	93	82	89	89	76	77	90
70	71	79	81	117	106	105	104	88	86	61	67	91	144	154	138	139	153	130	122	134	108	93	126	128	91	27	7	9	32	8	11	15	15	15	15	15	15	15	15	13	15	17	16	15	14	17	19	15	15	15	15	15	15	15	15	6	19	26	18	12	24	47	64	70	77	160	167	152	182	173	180	169	158	112	102	20	34	14	17	28	22	20	118	136	138	74	145	158	142	98	91	90	66	71	83	75	94	101	114	85	93	108	146	201	138	117	91	107	117	12	53	17	15	22	24	17	20	24	19	15	54	47	53	62	52	98	79	77	90	72	77	79	86	88	78	74	74	86	96	86	87	97	81	132	101	76	71	80	73	74	81	82	81	81	95	92	144	138	92	104	117	106	78	66	69	69	67	79	88
113	101	85	69	105	99	110	126	90	107	70	37	102	122	120	150	166	150	161	121	104	138	117	88	126	118	41	33	16	16	23	6	15	15	15	15	15	15	15	15	15	13	12	13	16	17	15	13	15	15	15	15	15	15	15	15	17	18	16	12	10	14	16	17	15	23	74	94	87	120	161	180	184	172	161	106	34	0	23	37	19	24	75	69	87	93	95	116	132	120	99	72	83	88	71	93	93	108	107	112	79	85	97	129	123	180	87	92	101	87	101	70	65	39	22	16	13	21	24	16	27	14	27	20	33	84	62	72	105	65	137	89	111	95	80	103	87	79	77	93	84	76	82	58	91	85	74	69	68	81	80	71	95	97	97	106	96	141	128	76	91	96	84	75	80	76	72	79	71	75
139	121	90	76	103	103	100	105	89	92	95	57	81	84	110	151	152	159	189	140	112	122	92	106	141	116	131	89	58	78	30	21	16	16	16	16	16	16	16	16	16	12	10	13	17	18	14	10	15	15	15	15	15	15	15	15	22	20	18	19	21	21	17	13	12	40	25	57	47	56	162	185	171	150	148	102	69	16	29	34	83	43	51	109	89	116	97	128	99	92	93	71	87	104	81	102	102	98	101	82	106	108	109	83	77	104	115	98	110	127	93	107	101	85	74	57	31	19	22	21	24	1	22	13	13	71	34	65	53	64	51	83	95	121	127	93	85	84	85	93	80	64	67	62	65	84	93	91	69	88	95	90	102	91	92	104	93	103	104	94	114	119	105	98	102	79	50	51	79	80
98	99	87	95	110	124	116	116	129	70	70	62	53	77	99	105	146	156	156	149	162	127	78	116	155	139	119	127	133	130	112	7	16	16	16	16	16	16	16	16	15	15	15	16	17	17	15	13	15	15	15	15	15	15	15	15	6	11	17	18	15	13	17	23	18	31	13	25	17	15	83	116	104	100	92	107	86	60	42	63	66	68	99	69	83	92	113	93	87	82	78	77	86	89	88	104	86	96	114	93	98	86	97	90	99	75	80	80	105	108	103	131	111	101	99	87	57	33	25	19	27	31	26	28	14	7	14	25	80	98	78	78	37	120	118	119	70	75	85	90	87	73	65	80	71	80	89	98	67	82	92	97	87	99	122	115	91	72	106	147	98	115	103	95	113	107	87	90	75	75
92	107	101	107	94	114	113	122	144	129	109	83	42	48	60	133	139	151	166	182	165	140	131	113	101	113	134	134	121	118	142	53	16	16	16	16	16	16	16	16	13	17	21	21	17	14	16	18	15	15	15	15	15	15	15	15	19	16	15	17	17	17	17	19	27	1	31	14	17	30	2	49	82	95	102	100	71	25	30	86	95	97	87	63	76	80	88	82	80	82	70	94	92	66	84	90	131	119	101	117	94	84	69	84	97	96	91	90	114	109	137	130	150	107	80	82	88	83	59	28	16	7	15	19	35	14	26	24	46	43	57	56	71	41	101	81	77	64	65	78	107	103	66	72	100	108	101	95	69	108	112	93	90	95	107	95	109	91	94	93	154	168	132	89	90	87	68	68	68	70
113	102	110	102	115	102	119	126	112	140	105	118	83	37	41	88	132	164	156	162	161	118	118	107	114	124	130	125	123	138	133	108	111	47	39	23	6	20	18	18	17	15	21	21	12	12	17	14	17	17	17	16	16	15	15	15	16	16	16	16	16	16	16	16	17	17	17	18	18	19	19	19	12	23	32	50	35	36	78	79	89	71	64	83	81	81	98	85	106	122	77	64	118	111	72	90	142	144	104	117	94	81	85	99	107	89	85	117	113	139	136	126	165	130	117	131	132	67	20	63	59	29	19	12	33	18	20	13	27	11	76	34	76	95	80	99	93	65	71	91	89	92	103	102	116	83	93	98	101	75	93	102	87	96	115	85	93	110	71	82	117	134	133	108	68	83	71	82	78	77
105	95	114	124	134	103	105	111	77	98	139	107	115	93	57	53	129	117	150	114	146	126	153	127	138	130	122	96	110	118	130	117	108	104	75	79	11	16	10	17	16	16	16	15	14	15	18	21	17	17	17	16	16	16	15	15	16	16	16	16	16	16	16	16	17	17	17	18	18	19	19	19	23	22	16	24	14	27	79	92	86	83	71	77	82	89	106	93	111	90	102	106	81	96	136	144	120	95	102	99	89	89	134	95	99	77	81	118	130	145	146	139	145	151	157	160	173	142	84	81	103	71	35	23	18	21	25	35	5	41	25	6	133	51	14	230	144	91	82	97	77	67	97	123	112	101	117	122	83	83	110	119	81	82	92	85	104	112	89	110	165	154	131	95	79	98	78	66	77	78
107	96	118	144	152	113	101	107	118	93	118	105	128	119	96	95	38	143	123	132	153	161	145	98	108	119	121	125	133	128	108	98	101	135	105	109	40	15	16	19	15	19	14	12	19	18	14	18	17	17	17	17	16	16	16	15	16	16	16	16	16	16	16	16	17	17	17	18	18	19	19	19	21	18	13	18	8	12	44	54	75	89	73	69	79	85	92	81	102	83	94	95	68	84	132	153	106	83	96	95	89	94	146	128	121	85	88	113	134	128	130	127	126	149	161	151	163	158	118	110	101	82	46	45	21	26	12	21	34	0	24	12	29	30	60	76	99	62	73	93	68	60	93	117	101	93	92	100	56	82	92	81	102	103	102	116	135	124	111	131	147	152	152	103	84	84	72	59	87	88
93	81	93	120	131	108	93	92	119	105	84	146	142	123	112	99	61	28	96	116	120	105	102	120	100	116	98	118	99	111	90	109	97	113	119	117	119	84	100	105	15	21	14	14	25	22	13	17	18	18	17	17	17	16	16	16	16	16	16	16	16	16	16	16	17	17	17	18	18	19	19	19	16	16	18	23	15	7	14	20	56	74	58	61	77	73	73	72	89	92	95	85	73	83	110	128	102	109	86	100	87	83	98	162	161	119	115	123	145	122	126	128	141	150	163	156	155	147	132	150	114	102	81	81	61	48	21	12	15	22	30	15	27	16	32	25	66	67	94	103	78	74	85	75	82	97	98	96	72	79	83	92	96	110	102	112	117	88	73	78	95	120	148	94	71	61	68	67	66	68
106	100	100	120	134	137	123	112	94	101	84	128	120	114	106	82	29	97	67	103	128	137	125	129	126	127	118	115	104	108	119	144	133	109	122	103	114	82	76	95	40	35	24	17	20	19	17	18	18	18	18	17	17	17	16	16	16	16	16	16	16	16	16	16	17	17	17	18	18	19	19	19	22	16	16	16	16	14	20	39	48	51	32	47	67	57	62	76	70	79	102	91	58	77	110	102	95	105	85	92	81	74	70	133	139	116	118	123	148	128	132	137	147	145	162	167	168	158	141	155	143	120	104	84	82	55	36	14	29	14	20	29	24	11	37	24	5	23	53	71	74	85	91	81	65	73	65	66	109	86	68	86	104	133	123	109	103	79	62	55	89	94	108	64	63	67	76	74	74	75
88	90	87	106	116	132	117	105	122	83	96	79	100	96	95	117	120	32	84	24	102	95	135	134	124	111	147	134	158	133	159	144	112	90	103	101	87	93	80	115	91	69	52	34	13	11	17	11	19	18	18	18	17	17	17	17	16	16	16	16	16	16	16	16	17	17	17	18	18	19	19	19	21	14	17	14	18	18	17	48	61	42	13	26	38	28	42	59	73	92	85	71	84	98	98	99	91	75	99	82	89	92	98	80	97	109	120	125	144	137	135	138	139	134	142	140	153	170	151	137	129	105	97	75	88	63	51	25	14	30	14	1	18	25	22	5	40	52	64	84	102	90	75	82	72	79	77	83	136	91	68	94	123	152	145	112	107	108	92	86	93	90	98	74	74	79	77	77	74	76
97	98	94	117	115	127	117	122	125	91	100	85	116	103	89	119	98	120	92	40	90	121	123	95	125	92	114	119	135	136	148	103	72	67	79	76	57	68	80	82	112	82	78	64	25	23	34	15	19	19	18	18	18	17	17	17	16	16	16	16	16	16	16	16	17	17	17	18	18	19	19	19	16	12	21	16	21	16	5	41	68	40	9	14	15	13	30	29	79	94	66	67	118	118	93	111	91	79	105	87	111	124	114	84	103	143	148	140	138	147	138	140	143	135	137	124	134	163	155	138	110	100	94	91	98	92	80	63	17	16	27	34	25	10	14	46	8	37	38	55	99	96	76	97	38	67	100	110	91	48	54	100	104	120	122	85	92	111	85	85	89	93	105	100	81	81	71	86	93	93
101	98	91	116	103	108	106	131	103	140	84	79	93	116	110	92	125	111	90	51	43	99	97	117	140	105	93	141	113	151	110	45	39	46	74	64	87	86	144	98	91	66	85	89	49	50	65	36	19	19	19	18	18	17	17	17	16	16	16	16	16	16	16	16	17	17	17	18	18	19	19	19	20	14	20	10	17	17	11	56	58	34	12	17	16	24	41	19	45	23	47	82	79	81	99	101	91	109	95	98	125	141	93	126	108	161	154	129	110	132	122	126	131	125	140	131	123	133	131	131	111	107	86	92	82	99	89	90	78	31	20	19	14	27	18	13	12	59	38	21	75	97	85	106	68	57	74	120	101	102	93	87	108	111	122	89	104	128	86	90	104	95	90	93	72	83	74	100	84	83
97	132	131	96	117	100	100	119	134	147	123	110	95	114	95	83	100	127	102	72	51	86	102	122	120	130	100	87	50	127	77	46	27	32	48	29	51	68	65	95	130	99	83	88	93	101	111	111	16	16	17	21	28	7	21	18	16	15	12	12	24	18	15	21	18	18	18	18	18	18	18	18	14	26	8	19	26	45	40	63	47	21	16	21	16	25	33	23	40	22	15	28	46	58	70	81	75	104	117	110	157	107	112	124	154	154	144	128	124	129	130	125	128	134	124	135	133	100	141	101	106	103	86	94	105	101	96	74	91	100	39	15	34	25	20	17	24	25	22	49	63	91	86	86	71	80	90	95	105	118	103	70	97	102	92	78	99	126	78	113	115	102	91	91	97	101	100	99	79	82
104	109	106	107	128	106	95	111	123	98	124	148	99	92	109	100	92	119	138	95	109	71	56	31	113	96	103	107	57	49	49	98	80	54	11	31	28	32	46	96	97	83	75	75	86	109	117	103	45	40	15	22	21	20	22	12	24	30	19	19	9	13	10	23	18	18	18	18	18	18	18	18	17	24	19	9	22	37	53	63	32	19	15	18	16	19	25	24	19	16	18	21	19	23	44	69	75	95	104	105	153	102	101	110	140	138	133	128	129	135	137	135	135	125	120	138	152	129	142	98	96	104	97	104	103	91	91	77	82	73	31	18	18	16	27	18	20	19	22	54	51	56	55	76	110	116	103	90	100	108	99	91	100	91	84	74	142	171	107	91	105	102	97	91	88	88	87	86	80	83
120	112	108	130	136	127	103	98	110	129	128	119	140	123	108	118	112	102	89	118	131	94	71	111	54	40	87	112	111	85	103	141	122	41	33	54	38	0	51	23	48	62	72	68	76	107	119	99	104	112	80	77	34	24	16	18	10	17	11	27	22	34	17	13	18	18	18	18	18	18	18	18	18	19	28	1	16	32	65	54	17	19	16	17	22	18	17	27	24	27	31	28	17	15	35	60	56	76	92	103	143	96	102	121	143	137	133	135	137	136	135	135	130	114	127	145	162	147	133	102	98	105	99	107	106	96	99	89	99	74	50	41	17	11	29	18	21	15	19	51	32	20	28	71	131	124	97	90	115	120	82	48	98	94	94	63	133	159	125	107	75	89	97	92	86	89	92	93	89	92
117	125	131	148	131	149	130	105	130	110	124	110	107	104	116	84	85	124	98	96	96	118	91	105	107	78	80	77	96	99	108	98	113	117	69	99	85	72	22	9	16	42	67	68	69	92	105	92	92	102	97	95	60	20	22	31	28	22	14	14	8	17	18	13	18	18	18	18	18	18	18	18	15	15	26	8	16	42	64	36	11	21	17	19	32	25	16	29	24	19	17	17	15	14	19	27	26	51	74	96	126	91	116	151	149	138	133	137	137	130	127	131	124	118	152	161	163	154	127	125	131	126	110	123	135	133	135	122	117	98	79	65	39	19	21	22	25	16	13	37	16	8	20	66	111	85	114	160	138	86	75	91	66	93	121	106	134	132	99	91	60	82	98	96	92	97	101	99	89	90
103	121	142	159	130	150	151	137	167	131	148	147	126	90	110	114	61	98	112	74	105	104	117	114	140	125	100	99	98	116	105	76	120	87	114	90	111	92	69	19	22	27	43	58	65	78	82	71	117	85	109	83	109	13	32	16	18	11	25	20	15	8	22	18	18	18	18	18	18	18	18	18	14	15	18	30	28	61	53	19	13	21	16	20	37	30	18	27	20	15	11	14	17	15	12	10	12	27	42	69	99	85	115	148	140	132	129	133	132	125	125	132	129	135	170	173	169	171	141	154	131	127	115	131	143	137	138	126	114	116	96	75	66	34	7	25	23	19	10	26	13	17	20	42	50	64	109	110	87	134	145	66	81	84	73	72	75	84	64	77	76	93	106	103	96	94	90	85	82	78
125	127	151	172	145	138	148	157	144	150	136	124	139	112	93	106	123	106	103	105	99	71	87	127	99	137	119	124	117	171	145	79	79	92	69	79	108	117	35	70	52	24	17	36	55	66	64	51	70	88	57	153	100	124	91	131	60	20	13	24	26	26	27	10	18	18	18	18	18	18	18	18	17	17	15	48	51	71	40	12	16	17	15	22	32	28	20	22	22	24	26	25	21	18	19	21	18	17	10	35	66	70	92	105	135	135	137	136	131	125	126	130	132	145	162	164	169	185	152	158	110	119	120	137	135	117	119	115	116	128	112	84	84	50	2	18	16	19	12	25	16	26	14	15	13	10	86	123	65	60	104	98	53	63	58	82	72	69	38	43	89	97	105	105	97	87	82	81	94	84
159	150	163	168	161	141	143	143	149	128	136	141	120	153	152	91	80	87	81	103	73	105	105	110	111	150	117	102	84	140	131	71	100	71	92	103	118	95	89	74	74	39	18	21	32	47	59	57	66	71	103	113	138	98	128	131	149	79	16	35	0	23	13	14	18	18	18	18	18	18	18	18	22	14	17	50	73	61	27	14	20	15	21	28	24	22	23	21	19	20	19	15	11	11	15	17	20	19	3	18	36	46	67	72	118	131	140	138	131	127	128	128	123	150	148	147	152	174	145	142	125	132	132	148	144	126	130	129	124	124	123	99	90	69	21	14	15	19	13	26	16	23	12	13	23	19	64	97	76	69	80	71	78	83	74	75	71	72	75	78	83	87	97	104	98	86	87	98	115	97
165	162	167	150	165	157	150	122	118	121	109	126	124	136	121	126	130	81	85	87	85	74	102	100	88	108	106	132	108	105	121	120	113	107	92	115	99	88	97	71	79	57	36	19	9	28	61	77	61	74	78	104	118	113	106	85	108	83	48	103	16	34	7	31	18	18	18	18	18	18	18	18	23	9	19	42	84	44	18	17	23	15	27	34	18	17	27	23	32	23	12	8	13	20	20	16	12	25	16	20	17	28	56	66	84	108	128	130	126	129	132	132	114	158	149	142	136	154	134	129	139	131	116	133	141	132	137	132	117	103	121	105	87	85	49	22	19	19	12	25	11	16	15	31	15	26	47	66	64	48	54	80	68	70	72	62	85	80	84	55	79	81	93	105	98	85	93	113	119	97
166	154	158	146	160	155	143	102	103	133	136	137	127	108	114	120	133	116	99	85	94	90	74	98	93	98	92	76	107	108	120	131	116	105	104	104	92	84	80	72	73	74	58	49	14	17	35	72	76	65	58	101	130	107	97	99	92	138	103	114	57	54	38	19	17	21	13	23	13	23	15	19	11	24	39	67	60	26	19	17	17	13	24	34	18	34	18	19	30	20	13	14	17	16	14	14	16	14	15	17	16	17	30	45	74	122	122	138	151	134	137	127	140	173	147	155	142	143	153	149	145	148	126	142	135	138	131	122	115	107	123	122	113	100	53	16	25	20	17	17	17	14	15	18	20	21	16	20	14	62	78	63	84	47	55	64	61	71	77	84	66	81	90	110	96	97	87	94	103	116
154	148	160	149	157	153	149	113	122	150	143	133	123	115	131	139	142	129	110	89	95	92	74	93	89	96	94	80	111	110	118	127	119	104	98	93	79	70	67	60	78	83	72	66	26	15	14	38	30	63	64	68	85	104	127	128	100	110	139	137	111	81	27	13	17	21	13	23	13	23	15	19	12	24	39	67	60	26	19	17	18	14	23	33	17	33	18	20	30	20	12	14	17	16	14	14	17	15	15	17	14	12	18	28	27	71	70	96	126	123	132	122	135	171	148	157	145	144	151	144	145	148	126	142	135	138	132	122	117	109	125	124	117	107	62	25	26	20	17	17	17	15	15	18	17	19	16	23	19	71	88	75	88	56	63	64	57	68	72	76	81	89	92	114	107	111	97	99	83	99